"freq.background"	"freq.dataset"	"rel.freq.background"	"c.i.low.back"	"c.i.up.back"	"rel.freq.dataset"	"c.i.low.dataset"	"c.i.up.dataset"	"Expected"	"deviation"	"Z-score"	"(Z-score)^2"	"preferences"	"inf.content.back"	"inf.content.dataset"
"promoter"	8728353	42	0.00297404855091166	0.00194086082886174	0.00411005822582487	0.00479561543731446	0.00342543959808175	0.00627997259648322	26.0467172088843	5.09599602825666	3.13055243816061	9.80035856807335	0.102910949708218	8.39335608529202	7.70406831167389
"proximal"	46508127	219	0.0158469103747254	0.0133576892339308	0.0184952620162119	0.0250057090659968	0.0219228134277232	0.0283169673441425	138.787241061845	11.6870648385009	6.86337930409259	47.1059754718465	0.111857804582311	5.97965459998136	5.32159867485148
"distal"	45210726	188	0.0154048414570268	0.0129010160977281	0.0180385888800091	0.021466088147979	0.0184973738296415	0.0246631651061886	134.915601480641	11.5254870469191	4.60582692108872	21.2136416270256	0.106446893691764	6.02047235519611	5.54179688277501
"enhancer"	11684433	308	0.0039812861638243	0.00274003881721658	0.00536590935038246	0.035167846540306	0.0313998629824161	0.039050011418132	34.8681042227733	5.8931469264139	46.3473758906318	2148.07925194752	0.206493210936935	7.97254971258156	4.82959919375775
"cleavage"	5675337	22	0.00193378152565385	0.00114168284050691	0.00296837538531796	0.00251198903859329	0.00148435715916876	0.00353962091801781	16.9360586016764	4.11135713945932	1.23169581881412	1.51707459008419	0.0983597623078455	9.01435947312548	8.63695411581535
"splice"	21287947	78	0.00725353201540247	0.00559424591848384	0.00913346272405526	0.00890614295501256	0.00707924183603562	0.0109614067138616	63.5264333908948	7.94137608960832	1.82255146284339	3.32169383471259	0.0997759275596857	7.10710061639244	6.8109835155904
"exon"	52543546	218	0.0179033841597676	0.0151843817787419	0.0207786276972257	0.0248915277460607	0.0216944507878511	0.0282027860242064	156.797838471245	12.4092774590211	4.93196817710476	24.324310099974	0.107228590403353	5.80362387328801	5.32820140967572
"intron"	1016026896	4316	0.346195131857759	0.336111428245233	0.356205046238155	0.492806576844028	0.482187714089975	0.503425439598082	3031.97696481026	44.5232005230849	28.8394145098349	831.711829270075	0.164530056673123	1.53034265699404	1.02090658496463
"intergenic"	1727173408	3367	0.588507083894928	0.577919853864596	0.598698481561822	0.384448504224709	0.374058004110528	0.394724823018954	5154.14504075178	46.0530980988589	-38.8061849154088	1505.9199876889	0.00239680413676479	0.764868313712726	1.37913772862501
