"freq.background"	"freq.dataset"	"rel.freq.background"	"c.i.low.back"	"c.i.up.back"	"rel.freq.dataset"	"c.i.low.dataset"	"c.i.up.dataset"	"Expected"	"deviation"	"Z-score"	"(Z-score)^2"	"preferences"	"inf.content.back"	"inf.content.dataset"
"promoter"	8728353	42	0.00297404855091166	0.00194086082886174	0.00411005822582487	0.00479561543731446	0.00342543959808175	0.00627997259648322	26.0467172088843	5.09599602825666	3.13055243816061	9.80035856807335	0.102944864404008	8.39335608529202	7.70406831167389
"proximal"	46508127	218	0.0158469103747254	0.0133576892339308	0.0184952620162119	0.0248915277460607	0.0218086321077872	0.0282027860242064	138.787241061845	11.6870648385009	6.7778146209306	45.9387710357006	0.11169394298036	5.97965459998136	5.32820140967572
"distal"	45210726	188	0.0154048414570268	0.0129010160977281	0.0180385888800091	0.021466088147979	0.0184973738296415	0.0246631651061886	134.915601480641	11.5254870469191	4.60582692108872	21.2136416270256	0.106483763371513	6.02047235519611	5.54179688277501
"enhancer"	11684433	307	0.0039812861638243	0.00274003881721658	0.00536590935038246	0.0350536652203699	0.03128568166248	0.0389358300981959	34.8681042227733	5.8931469264139	46.1776872654394	2132.37880118473	0.206206638912535	7.97254971258156	4.83429088908247
"cleavage"	5675337	22	0.00193378152565385	0.00114168284050691	0.00296837538531796	0.00251198903859329	0.00159853847910482	0.00365380223795387	16.9360586016764	4.11135713945932	1.23169581881412	1.51707459008419	0.0983898735820235	9.01435947312548	8.63695411581535
"splice"	21287947	78	0.00725353201540247	0.00559424591848384	0.00913346272405526	0.00890614295501256	0.00707924183603562	0.0109614067138616	63.5264333908948	7.94137608960832	1.82255146284339	3.32169383471259	0.0998072223213913	7.10710061639244	6.8109835155904
"exon"	52543546	219	0.0179033841597676	0.0151843817787419	0.0207786276972257	0.0250057090659968	0.0218086321077872	0.0283169673441425	156.797838471245	12.4092774590211	5.01255304623209	25.1256880412906	0.107459420905744	5.80362387328801	5.32159867485148
"intron"	1016026896	4316	0.346195131857759	0.336111428245233	0.356205046238155	0.492806576844028	0.482187714089975	0.503425439598082	3031.97696481026	44.5232005230849	28.8394145098349	831.711829270075	0.164615466379445	1.53034265699404	1.02090658496463
"intergenic"	1727173408	3368	0.588507083894928	0.577919853864596	0.598698481561822	0.384562685544645	0.374172185430464	0.39483900433889	5154.14504075178	46.0530980988589	-38.7844708496612	1504.23517908822	0.00239880714298065	0.764868313712726	1.37870931138625
