"freq.background"	"freq.dataset"	"rel.freq.background"	"c.i.low.back"	"c.i.up.back"	"rel.freq.dataset"	"c.i.low.dataset"	"c.i.up.dataset"	"Expected"	"deviation"	"Z-score"	"(Z-score)^2"	"preferences"	"inf.content.back"	"inf.content.dataset"
"promoter"	8728353	98	0.00297404855091166	0.00224059749266471	0.00378767671379034	0.00522833973538199	0.00421468203158344	0.00629534784464362	55.7455660382881	7.45516070012844	5.66780994552993	32.124069578648	0.103979788200753	8.39335608529202	7.57943139474793
"proximal"	46508127	478	0.0158469103747254	0.0140837556681782	0.0176580421445719	0.025501493811353	0.0233141271873666	0.0277422108408024	297.034488063853	17.097530296477	10.5843071366533	112.02755756301	0.112551332676084	5.97965459998136	5.29327443088239
"distal"	45210726	418	0.0154048414570268	0.0136569751933849	0.0172312616697786	0.0223004694835681	0.0202198036705079	0.0244878361075544	288.74834827051	16.8611509125186	7.66564823481457	58.7621628599157	0.107462869566495	6.02047235519611	5.48678210678225
"enhancer"	11684433	670	0.0039812861638243	0.00314750600160043	0.0049079754601227	0.0357447716602646	0.0331306017925736	0.0383589415279556	74.6252278547228	8.62134843164576	69.0581962747124	4769.0344727167	0.214496177127003	7.97254971258156	4.806123953518
"cleavage"	5675337	56	0.00193378152565385	0.00133368898372899	0.00256068284875967	0.00298762270593257	0.00224071702944942	0.00378787878787879	36.2468009168557	6.01468839464053	3.28416000748196	10.7857069547439	0.0998240731330242	9.01435947312548	8.38678631680553
"splice"	21287947	153	0.00725353201540247	0.00602827420645505	0.00853560949586556	0.00816261203585147	0.00688220230473752	0.00944302176696543	135.960204096704	11.6177945586903	1.46669798791975	2.15120298776786	0.0966554642785273	7.10710061639244	6.93675339617048
"exon"	52543546	421	0.0179033841597676	0.0160042678047479	0.0198452920778874	0.0224605206999573	0.0203798548868971	0.0245945369184806	335.581032690684	18.1540874672016	4.70521955254647	22.1390910376656	0.102301583974402	5.80362387328801	5.47646481579674
"intron"	1016026896	8988	0.346195131857759	0.339237129901307	0.352946116786666	0.479513444302177	0.472417840375587	0.486609048228767	6489.08155154184	65.1349830225815	38.3652276011466	1471.89068888778	0.160985285970509	1.53034265699404	1.06035682968323
"intergenic"	1727173408	7462	0.588507083894928	0.581435049346492	0.595518805014671	0.398100725565514	0.391058472044388	0.405036278275715	11030.9767805265	67.3731386684826	-52.9732895195532	2806.16940252241	0.00174342507320188	0.764868313712726	1.32879459404636
