"freq.background"	"rel.freq.background"	"freq.STARVED"	"freq.STARVED_filtrado"	"freq.accum."	"expect.STARVED"	"expect.STARVED_filtrado"	"deviat.STARVED"	"deviat.STARVED_filtrado"	"Z-score.STARVED"	"Z-score.STARVED_filtrado"	"Z-scoreSq.STARVED"	"Z-scoreSqSTARVED_filtrado"	"contrib.accum."
"promoter"	8706779	0.00299078293559785	51	6	57	52.6902438275023	4.30975609143159	6.73535514487997	1.9262904353536	-0.250950958211486	0.877460572687806	0.0629763834272632	0.769937056621613	0.832913440048876
"proximal"	46391791	0.0159356033815286	67	4	71	65.6317072351508	5.36829267622606	7.366560217505	2.10681310535246	0.185743783319349	-0.649460871849451	0.0345007530417854	0.421799424063449	0.456300177105234
"distal"	45095931	0.0154904748242373	3	0	3	2.77317072091135	0.226829267409635	1.65918018022995	0.474520324905922	0.136711661452715	-0.478018022630762	0.0186900783771619	0.228501229959824	0.247191308336985
"enhancer"	11674501	0.00401019692499603	11	1	12	11.0926828836454	0.907317069638541	3.28146576966422	0.938488912622449	-0.0282443548557496	0.0987576188859515	0.000797743581217504	0.00975306728802284	0.0105508108692403
"cleavage"	5660588	0.00194441480550384	1	0	1	0.924390196908219	0.0756097522537066	0.960278848592143	0.274636737265675	0.0787373409324088	-0.275308223533707	0.00619956885710638	0.0757946179452858	0.0819941868023922
"splice"	21238900	0.00729557275898115	5	1	6	5.5463414418227	0.453658534819271	2.33777132333415	0.66859526236055	-0.23370183232614	0.817148274805014	0.0546165464325952	0.667731303016811	0.722347849449406
"exon"	52474138	0.018024892614204	20	3	23	21.2609755703826	1.73902438702338	4.47976384348556	1.28119840138035	-0.281482599181264	0.984215724604452	0.07923245364184	0.968680592558667	1.04791304620051
"intron"	1014535834	0.348493565746843	90	8	98	90.5902438535396	7.40975609356129	8.30282826000234	2.37458282742285	-0.0710894932493119	0.24856741134581	0.00505371605044397	0.0617857579831571	0.066839474033601
"intergenic"	1705425456	0.585814496008108	131	8	139	128.490243879577	10.509756095691	9.21568805224669	2.63565786337784	0.272335186064723	-0.952231369087682	0.0741664535689074	0.906744580274602	0.98091103384351
