"freq.background"	"freq.dataset"	"rel.freq.background"	"c.i.low.back"	"c.i.up.back"	"rel.freq.dataset"	"c.i.low.dataset"	"c.i.up.dataset"	"Expected"	"deviation"	"Z-score"	"(Z-score)^2"	"preferences"	"inf.content.back"	"inf.content.dataset"
"promoter"	8728353	92	0.00297404855091166	0	0.0072992700729927	0.223844282238443	0.184914841849148	0.265206812652068	1.22233395442469	1.10394678478872	82.2301104513377	6761.7910648392	0.361025596783264	8.39335608529202	2.15943262762467
"proximal"	46508127	138	0.0158469103747254	0.0048661800486618	0.0316301703163017	0.335766423357664	0.289537712895377	0.381995133819951	6.51308016401213	2.53177152818426	51.9347493927652	2697.21819448933	0.251494779760108	5.97965459998136	1.57447012690351
"distal"	45210726	12	0.0154048414570268	0.0048661800486618	0.0267639902676399	0.0291970802919708	0.0145985401459854	0.0462287104622871	6.33138983883801	2.49676889424953	2.27037839754322	5.15461806803092	0.0719366249148614	6.02047235519611	5.09803208296053
"enhancer"	11684433	7	0.0039812861638243	0	0.0121654501216545	0.0170316301703163	0.0048661800486618	0.0316301703163017	1.63630861333179	1.27663376612319	4.20143311966153	17.6520402589888	0.0789182218999943	7.97254971258156	5.87563966162408
"cleavage"	5675337	2	0.00193378152565385	0	0.0072992700729927	0.0048661800486618	0	0.0121654501216545	0.794784207043731	0.890644237173187	1.35319552145928	1.83113811929744	0.0686206126190219	9.01435947312548	7.68299458368168
"splice"	21287947	2	0.00725353201540247	0	0.0170316301703163	0.0048661800486618	0	0.0121654501216545	2.98120165833042	1.72034211806877	-0.570352633946961	0.325302127050236	0.0616661551151918	7.10710061639244	7.68299458368168
"exon"	52543546	8	0.0179033841597676	0.0048661800486618	0.0316301703163017	0.0194647201946472	0.0072992700729927	0.0340632603406326	7.35829088966449	2.68822461329976	0.23871112077492	0.0569829991816187	0.0645912700827005	5.80362387328801	5.68299458368168
"intron"	1016026896	74	0.346195131857759	0.299270072992701	0.391727493917275	0.180048661800487	0.143552311435523	0.21654501216545	142.286199193539	9.64507110944069	-7.07990624627951	50.1250724561076	0.0381313068512505	1.53034265699404	2.47354121805273
"intergenic"	1727173408	76	0.588507083894928	0.54014598540146	0.635036496350365	0.184914841849148	0.148418491484185	0.223844282238443	241.876411480816	9.9764931710881	-16.6267253067968	276.447994427676	0.00361543197360782	0.764868313712726	2.4350670702381
