"freq.background"	"freq.dataset"	"rel.freq.background"	"c.i.low.back"	"c.i.up.back"	"rel.freq.dataset"	"c.i.low.dataset"	"c.i.up.dataset"	"Expected"	"deviation"	"Z-score"	"(Z-score)^2"	"preferences"	"inf.content.back"	"inf.content.dataset"
"promoter"	8728353	6	0.00297404855091166	0	1.02220265985289e-09	0.193548387096774	0.0645161290322581	0.354838709677419	0.0921955050782614	0.303185273768963	19.4857897333882	379.696001533817	0.351481203976016	8.39335608529202	2.36923380966572
"proximal"	46508127	4	0.0158469103747254	0	1.02220265985289e-09	0.129032258064516	0.032258064516129	0.258064516129032	0.491254221616487	0.695319606406499	5.0462344885069	25.4644825129964	0.141972818933769	5.97965459998136	2.95419631038688
"distal"	45210726	0	0.0154048414570268	0	1.02220265985289e-09	0	0	0.0967741935483871	0.47755008516783	0.685706567718073	-0.696435046199199	0.485021773574481	0.0586504866566656	6.02047235519611	Inf
"enhancer"	11684433	1	0.0039812861638243	0	1.02220265985289e-09	0.032258064516129	0	0.0967741935483871	0.123419871078553	0.350611608474262	2.50014576738065	6.25072885815137	0.105030757555075	7.97254971258156	4.95419631038687
"cleavage"	5675337	0	0.00193378152565385	0	1.02220265985289e-09	0	0	0.0967741935483871	0.0599472272952692	0.244604378217182	-0.245078308623088	0.0600633773575538	0.0651993740402316	9.01435947312548	Inf
"splice"	21287947	1	0.00725353201540247	0	1.02220265985289e-09	0.032258064516129	0	0.0967741935483871	0.224859492477477	0.472470596617373	1.64061110484356	2.691604797336	0.0925594787669134	7.10710061639244	4.95419631038687
"exon"	52543546	3	0.0179033841597676	0	0.1	0.0967741935483871	0	0.225806451612903	0.555004908952796	0.738287503135163	3.31171133286755	10.9674319522434	0.116806036509137	5.80362387328801	3.36923380966572
"intron"	1016026896	8	0.346195131857759	0.2	0.533333333333333	0.258064516129032	0.0967741935483871	0.419354838709677	10.7320490875905	2.648898991446	-1.0313904367109	1.06376623293869	0.0537905057405513	1.53034265699404	1.95419631038688
"intergenic"	1727173408	8	0.588507083894928	0.433333333333333	0.766666666666667	0.258064516129032	0.0967741935483871	0.419354838709677	18.2437196007428	2.73991994451927	-3.73869303051483	13.9778255764202	0.0145093378216421	0.764868313712726	1.95419631038688
