chr1	15834955	15835079	GSE30267.AFF4.HCT-116_SERUM	0	.	15834996	15834997	56,140,252
chr1	23559275	23559429	GSE30267.AFF4.HCT-116_SERUM	0	.	23559327	23559328	56,140,252
chr1	44800313	44800460	GSE30267.AFF4.HCT-116_SERUM	0	.	44800423	44800424	56,140,252
chr1	46303284	46303406	GSE30267.AFF4.HCT-116_SERUM	0	.	46303314	46303315	56,140,252
chr1	58783604	58784087	GSE30267.AFF4.HCT-116_SERUM	0	.	58783969	58783970	56,140,252
chr1	67685236	67685382	GSE30267.AFF4.HCT-116_SERUM	0	.	67685277	67685278	56,140,252
chr1	84298844	84298968	GSE30267.AFF4.HCT-116_SERUM	0	.	84298915	84298916	56,140,252
chr1	85580676	85581597	GSE30267.AFF4.HCT-116_SERUM	0	.	85580873	85580874	56,140,252
chr1	109100460	109100582	GSE30267.AFF4.HCT-116_SERUM	0	.	109100524	109100525	56,140,252
chr1	115685068	115685202	GSE30267.AFF4.HCT-116_SERUM	0	.	115685155	115685156	56,140,252
chr1	147242616	147242738	GSE30267.AFF4.HCT-116_SERUM	0	.	147242653	147242654	56,140,252
chr1	150579266	150579689	GSE30267.AFF4.HCT-116_SERUM	0	.	150579495	150579496	56,140,252
chr1	156114718	156114923	GSE30267.AFF4.HCT-116_SERUM	0	.	156114811	156114812	56,140,252
chr1	156115129	156115332	GSE30267.AFF4.HCT-116_SERUM	0	.	156115217	156115218	56,140,252
chr1	203305451	203305718	GSE30267.AFF4.HCT-116_SERUM	0	.	203305621	203305622	56,140,252
chr1	212608673	212609788	GSE30267.AFF4.HCT-116_SERUM	0	.	212608852	212608853	56,140,252
chr1	234610084	234610249	GSE30267.AFF4.HCT-116_SERUM	0	.	234610190	234610191	56,140,252
chr1	234610298	234610420	GSE30267.AFF4.HCT-116_SERUM	0	.	234610357	234610358	56,140,252
chr1	234998606	234998740	GSE30267.AFF4.HCT-116_SERUM	0	.	234998618	234998619	56,140,252
chr1	244863560	244863682	GSE30267.AFF4.HCT-116_SERUM	0	.	244863638	244863639	56,140,252
chr10	3784560	3785284	GSE30267.AFF4.HCT-116_SERUM	0	.	3785135	3785136	56,140,252
chr10	3785419	3786186	GSE30267.AFF4.HCT-116_SERUM	0	.	3785661	3785662	56,140,252
chr10	32957460	32957915	GSE30267.AFF4.HCT-116_SERUM	0	.	32957758	32957759	56,140,252
chr10	32958081	32958203	GSE30267.AFF4.HCT-116_SERUM	0	.	32958172	32958173	56,140,252
chr10	43396729	43396851	GSE30267.AFF4.HCT-116_SERUM	0	.	43396767	43396768	56,140,252
chr10	65818895	65819017	GSE30267.AFF4.HCT-116_SERUM	0	.	65818988	65818989	56,140,252
chr10	73998081	73998831	GSE30267.AFF4.HCT-116_SERUM	0	.	73998357	73998358	56,140,252
chr10	80205312	80205494	GSE30267.AFF4.HCT-116_SERUM	0	.	80205365	80205366	56,140,252
chr10	97401020	97401295	GSE30267.AFF4.HCT-116_SERUM	0	.	97401207	97401208	56,140,252
chr10	104121571	104121719	GSE30267.AFF4.HCT-116_SERUM	0	.	104121621	104121622	56,140,252
chr10	110499076	110499694	GSE30267.AFF4.HCT-116_SERUM	0	.	110499184	110499185	56,140,252
chr10	112531072	112531229	GSE30267.AFF4.HCT-116_SERUM	0	.	112531127	112531128	56,140,252
chr10	112950950	112951085	GSE30267.AFF4.HCT-116_SERUM	0	.	112951062	112951063	56,140,252
chr10	112951830	112952928	GSE30267.AFF4.HCT-116_SERUM	0	.	112952093	112952094	56,140,252
chr11	7072993	7073174	GSE30267.AFF4.HCT-116_SERUM	0	.	7073044	7073045	56,140,252
chr11	9573610	9573732	GSE30267.AFF4.HCT-116_SERUM	0	.	9573669	9573670	56,140,252
chr11	9573796	9574058	GSE30267.AFF4.HCT-116_SERUM	0	.	9573892	9573893	56,140,252
chr11	9574125	9574294	GSE30267.AFF4.HCT-116_SERUM	0	.	9574259	9574260	56,140,252
chr11	9574365	9574487	GSE30267.AFF4.HCT-116_SERUM	0	.	9574467	9574468	56,140,252
chr11	9574596	9574928	GSE30267.AFF4.HCT-116_SERUM	0	.	9574713	9574714	56,140,252
chr11	9613690	9613842	GSE30267.AFF4.HCT-116_SERUM	0	.	9613788	9613789	56,140,252
chr11	65422584	65423275	GSE30267.AFF4.HCT-116_SERUM	0	.	65422824	65422825	56,140,252
chr11	65423337	65423970	GSE30267.AFF4.HCT-116_SERUM	0	.	65423546	65423547	56,140,252
chr11	65476926	65477542	GSE30267.AFF4.HCT-116_SERUM	0	.	65476995	65476996	56,140,252
chr11	65497608	65497992	GSE30267.AFF4.HCT-116_SERUM	0	.	65497818	65497819	56,140,252
chr11	65891171	65891704	GSE30267.AFF4.HCT-116_SERUM	0	.	65891590	65891591	56,140,252
chr11	65899159	65899284	GSE30267.AFF4.HCT-116_SERUM	0	.	65899215	65899216	56,140,252
chr11	65899364	65899590	GSE30267.AFF4.HCT-116_SERUM	0	.	65899484	65899485	56,140,252
chr11	65899757	65900602	GSE30267.AFF4.HCT-116_SERUM	0	.	65900252	65900253	56,140,252
chr11	100687338	100687468	GSE30267.AFF4.HCT-116_SERUM	0	.	100687367	100687368	56,140,252
chr11	118791791	118791913	GSE30267.AFF4.HCT-116_SERUM	0	.	118791869	118791870	56,140,252
chr12	6535180	6535305	GSE30267.AFF4.HCT-116_SERUM	0	.	6535210	6535211	56,140,252
chr12	9064881	9065079	GSE30267.AFF4.HCT-116_SERUM	0	.	9064933	9064934	56,140,252
chr12	12724099	12724304	GSE30267.AFF4.HCT-116_SERUM	0	.	12724209	12724210	56,140,252
chr12	12891484	12891801	GSE30267.AFF4.HCT-116_SERUM	0	.	12891604	12891605	56,140,252
chr12	46372151	46372865	GSE30267.AFF4.HCT-116_SERUM	0	.	46372694	46372695	56,140,252
chr12	52036655	52037041	GSE30267.AFF4.HCT-116_SERUM	0	.	52036858	52036859	56,140,252
chr12	52050756	52051214	GSE30267.AFF4.HCT-116_SERUM	0	.	52051041	52051042	56,140,252
chr12	52051353	52052247	GSE30267.AFF4.HCT-116_SERUM	0	.	52051506	52051507	56,140,252
chr12	65824010	65824325	GSE30267.AFF4.HCT-116_SERUM	0	.	65824078	65824079	56,140,252
chr12	76030022	76030439	GSE30267.AFF4.HCT-116_SERUM	0	.	76030163	76030164	56,140,252
chr12	76030491	76031707	GSE30267.AFF4.HCT-116_SERUM	0	.	76031466	76031467	56,140,252
chr12	76031852	76032022	GSE30267.AFF4.HCT-116_SERUM	0	.	76031913	76031914	56,140,252
chr12	88579889	88580258	GSE30267.AFF4.HCT-116_SERUM	0	.	88580180	88580181	56,140,252
chr12	89351351	89351826	GSE30267.AFF4.HCT-116_SERUM	0	.	89351537	89351538	56,140,252
chr12	89351902	89352578	GSE30267.AFF4.HCT-116_SERUM	0	.	89352380	89352381	56,140,252
chr12	124914132	124914397	GSE30267.AFF4.HCT-116_SERUM	0	.	124914369	124914370	56,140,252
chr12	124914438	124914689	GSE30267.AFF4.HCT-116_SERUM	0	.	124914569	124914570	56,140,252
chr13	94596123	94596251	GSE30267.AFF4.HCT-116_SERUM	0	.	94596168	94596169	56,140,252
chr13	110713310	110713573	GSE30267.AFF4.HCT-116_SERUM	0	.	110713369	110713370	56,140,252
chr13	110714003	110714489	GSE30267.AFF4.HCT-116_SERUM	0	.	110714112	110714113	56,140,252
chr13	110714980	110715151	GSE30267.AFF4.HCT-116_SERUM	0	.	110715040	110715041	56,140,252
chr14	53954961	53955145	GSE30267.AFF4.HCT-116_SERUM	0	.	53955072	53955073	56,140,252
chr14	68792494	68793152	GSE30267.AFF4.HCT-116_SERUM	0	.	68793007	68793008	56,140,252
chr14	68793917	68794039	GSE30267.AFF4.HCT-116_SERUM	0	.	68793959	68793960	56,140,252
chr14	75278726	75279304	GSE30267.AFF4.HCT-116_SERUM	0	.	75278888	75278889	56,140,252
chr14	75279424	75279779	GSE30267.AFF4.HCT-116_SERUM	0	.	75279543	75279544	56,140,252
chr14	77028556	77028844	GSE30267.AFF4.HCT-116_SERUM	0	.	77028673	77028674	56,140,252
chr14	103244687	103244817	GSE30267.AFF4.HCT-116_SERUM	0	.	103244753	103244754	56,140,252
chr14	103561525	103561647	GSE30267.AFF4.HCT-116_SERUM	0	.	103561585	103561586	56,140,252
chr15	39580969	39581252	GSE30267.AFF4.HCT-116_SERUM	0	.	39581212	39581213	56,140,252
chr15	60397501	60397698	GSE30267.AFF4.HCT-116_SERUM	0	.	60397678	60397679	56,140,252
chr15	60397758	60397890	GSE30267.AFF4.HCT-116_SERUM	0	.	60397854	60397855	56,140,252
chr15	82810254	82810376	GSE30267.AFF4.HCT-116_SERUM	0	.	82810284	82810285	56,140,252
chr16	2905274	2905396	GSE30267.AFF4.HCT-116_SERUM	0	.	2905363	2905364	56,140,252
chr16	23149484	23149665	GSE30267.AFF4.HCT-116_SERUM	0	.	23149585	23149586	56,140,252
chr16	56608493	56608785	GSE30267.AFF4.HCT-116_SERUM	0	.	56608680	56608681	56,140,252
chr16	56608884	56609318	GSE30267.AFF4.HCT-116_SERUM	0	.	56608975	56608976	56,140,252
chr16	63157425	63157550	GSE30267.AFF4.HCT-116_SERUM	0	.	63157441	63157442	56,140,252
chr17	41527346	41527477	GSE30267.AFF4.HCT-116_SERUM	0	.	41527448	41527449	56,140,252
chr17	41527564	41528300	GSE30267.AFF4.HCT-116_SERUM	0	.	41528195	41528196	56,140,252
chr17	59839201	59839358	GSE30267.AFF4.HCT-116_SERUM	0	.	59839287	59839288	56,140,252
chr17	68378341	68378553	GSE30267.AFF4.HCT-116_SERUM	0	.	68378453	68378454	56,140,252
chr17	75779126	75779281	GSE30267.AFF4.HCT-116_SERUM	0	.	75779173	75779174	56,140,252
chr17	75779407	75779881	GSE30267.AFF4.HCT-116_SERUM	0	.	75779648	75779649	56,140,252
chr17	76736378	76736525	GSE30267.AFF4.HCT-116_SERUM	0	.	76736479	76736480	56,140,252
chr17	81512090	81512897	GSE30267.AFF4.HCT-116_SERUM	0	.	81512699	81512700	56,140,252
chr17	81513465	81513592	GSE30267.AFF4.HCT-116_SERUM	0	.	81513526	81513527	56,140,252
chr17	81515154	81515403	GSE30267.AFF4.HCT-116_SERUM	0	.	81515333	81515334	56,140,252
chr18	3247761	3248342	GSE30267.AFF4.HCT-116_SERUM	0	.	3248004	3248005	56,140,252
chr18	3449821	3450007	GSE30267.AFF4.HCT-116_SERUM	0	.	3449929	3449930	56,140,252
chr18	3450183	3450348	GSE30267.AFF4.HCT-116_SERUM	0	.	3450242	3450243	56,140,252
chr18	3450521	3450895	GSE30267.AFF4.HCT-116_SERUM	0	.	3450695	3450696	56,140,252
chr18	3451720	3452163	GSE30267.AFF4.HCT-116_SERUM	0	.	3452019	3452020	56,140,252
chr18	50287812	50288060	GSE30267.AFF4.HCT-116_SERUM	0	.	50287877	50287878	56,140,252
chr18	70289025	70289274	GSE30267.AFF4.HCT-116_SERUM	0	.	70289060	70289061	56,140,252
chr18	70289328	70289450	GSE30267.AFF4.HCT-116_SERUM	0	.	70289400	70289401	56,140,252
chr19	1748649	1748782	GSE30267.AFF4.HCT-116_SERUM	0	.	1748705	1748706	56,140,252
chr19	1749718	1749840	GSE30267.AFF4.HCT-116_SERUM	0	.	1749781	1749782	56,140,252
chr19	11089431	11089732	GSE30267.AFF4.HCT-116_SERUM	0	.	11089516	11089517	56,140,252
chr19	11090076	11090348	GSE30267.AFF4.HCT-116_SERUM	0	.	11090176	11090177	56,140,252
chr19	12791387	12792601	GSE30267.AFF4.HCT-116_SERUM	0	.	12791541	12791542	56,140,252
chr19	12793382	12793714	GSE30267.AFF4.HCT-116_SERUM	0	.	12793446	12793447	56,140,252
chr19	12793830	12794095	GSE30267.AFF4.HCT-116_SERUM	0	.	12793930	12793931	56,140,252
chr19	13151982	13152232	GSE30267.AFF4.HCT-116_SERUM	0	.	13152095	13152096	56,140,252
chr19	13152338	13152572	GSE30267.AFF4.HCT-116_SERUM	0	.	13152536	13152537	56,140,252
chr19	13152722	13152902	GSE30267.AFF4.HCT-116_SERUM	0	.	13152812	13152813	56,140,252
chr19	13152969	13154172	GSE30267.AFF4.HCT-116_SERUM	0	.	13153139	13153140	56,140,252
chr19	13841563	13842338	GSE30267.AFF4.HCT-116_SERUM	0	.	13842127	13842128	56,140,252
chr19	13842383	13842998	GSE30267.AFF4.HCT-116_SERUM	0	.	13842716	13842717	56,140,252
chr19	15836456	15836700	GSE30267.AFF4.HCT-116_SERUM	0	.	15836596	15836597	56,140,252
chr19	15836767	15837304	GSE30267.AFF4.HCT-116_SERUM	0	.	15836962	15836963	56,140,252
chr19	16076717	16076951	GSE30267.AFF4.HCT-116_SERUM	0	.	16076867	16076868	56,140,252
chr19	16077239	16077444	GSE30267.AFF4.HCT-116_SERUM	0	.	16077377	16077378	56,140,252
chr19	16324866	16325094	GSE30267.AFF4.HCT-116_SERUM	0	.	16324974	16324975	56,140,252
chr19	18279693	18279815	GSE30267.AFF4.HCT-116_SERUM	0	.	18279719	18279720	56,140,252
chr19	18280041	18280765	GSE30267.AFF4.HCT-116_SERUM	0	.	18280602	18280603	56,140,252
chr19	18281014	18281685	GSE30267.AFF4.HCT-116_SERUM	0	.	18281314	18281315	56,140,252
chr19	18282057	18282544	GSE30267.AFF4.HCT-116_SERUM	0	.	18282270	18282271	56,140,252
chr19	31289481	31289630	GSE30267.AFF4.HCT-116_SERUM	0	.	31289557	31289558	56,140,252
chr19	38691945	38692067	GSE30267.AFF4.HCT-116_SERUM	0	.	38692020	38692021	56,140,252
chr19	39406820	39407701	GSE30267.AFF4.HCT-116_SERUM	0	.	39406921	39406922	56,140,252
chr19	39408082	39408310	GSE30267.AFF4.HCT-116_SERUM	0	.	39408221	39408222	56,140,252
chr19	39408616	39408845	GSE30267.AFF4.HCT-116_SERUM	0	.	39408725	39408726	56,140,252
chr19	39409711	39409964	GSE30267.AFF4.HCT-116_SERUM	0	.	39409808	39409809	56,140,252
chr19	45468799	45469279	GSE30267.AFF4.HCT-116_SERUM	0	.	45469190	45469191	56,140,252
chr2	84906339	84906544	GSE30267.AFF4.HCT-116_SERUM	0	.	84906442	84906443	56,140,252
chr2	96144919	96145108	GSE30267.AFF4.HCT-116_SERUM	0	.	96144954	96144955	56,140,252
chr2	96145227	96145476	GSE30267.AFF4.HCT-116_SERUM	0	.	96145386	96145387	56,140,252
chr2	105398420	105398542	GSE30267.AFF4.HCT-116_SERUM	0	.	105398516	105398517	56,140,252
chr2	109613546	109613675	GSE30267.AFF4.HCT-116_SERUM	0	.	109613642	109613643	56,140,252
chr2	112646369	112646491	GSE30267.AFF4.HCT-116_SERUM	0	.	112646433	112646434	56,140,252
chr2	156332353	156332795	GSE30267.AFF4.HCT-116_SERUM	0	.	156332627	156332628	56,140,252
chr2	156333367	156333681	GSE30267.AFF4.HCT-116_SERUM	0	.	156333570	156333571	56,140,252
chr2	156333924	156334491	GSE30267.AFF4.HCT-116_SERUM	0	.	156334245	156334246	56,140,252
chr2	156341518	156341768	GSE30267.AFF4.HCT-116_SERUM	0	.	156341578	156341579	56,140,252
chr2	156341866	156342342	GSE30267.AFF4.HCT-116_SERUM	0	.	156342061	156342062	56,140,252
chr2	156342425	156342784	GSE30267.AFF4.HCT-116_SERUM	0	.	156342671	156342672	56,140,252
chr2	168246543	168246733	GSE30267.AFF4.HCT-116_SERUM	0	.	168246631	168246632	56,140,252
chr2	168247736	168247867	GSE30267.AFF4.HCT-116_SERUM	0	.	168247770	168247771	56,140,252
chr2	181891989	181892884	GSE30267.AFF4.HCT-116_SERUM	0	.	181892572	181892573	56,140,252
chr2	231708788	231708972	GSE30267.AFF4.HCT-116_SERUM	0	.	231708834	231708835	56,140,252
chr2	231709054	231709277	GSE30267.AFF4.HCT-116_SERUM	0	.	231709142	231709143	56,140,252
chr2	231709557	231710434	GSE30267.AFF4.HCT-116_SERUM	0	.	231710206	231710207	56,140,252
chr2	231710500	231710637	GSE30267.AFF4.HCT-116_SERUM	0	.	231710592	231710593	56,140,252
chr2	231711059	231711196	GSE30267.AFF4.HCT-116_SERUM	0	.	231711139	231711140	56,140,252
chr2	238060499	238060621	GSE30267.AFF4.HCT-116_SERUM	0	.	238060563	238060564	56,140,252
chr20	22294025	22294148	GSE30267.AFF4.HCT-116_SERUM	0	.	22294090	22294091	56,140,252
chr20	31573326	31573506	GSE30267.AFF4.HCT-116_SERUM	0	.	31573415	31573416	56,140,252
chr20	31604836	31605620	GSE30267.AFF4.HCT-116_SERUM	0	.	31605521	31605522	56,140,252
chr20	31605672	31606193	GSE30267.AFF4.HCT-116_SERUM	0	.	31606047	31606048	56,140,252
chr20	51768128	51768250	GSE30267.AFF4.HCT-116_SERUM	0	.	51768192	51768193	56,140,252
chr21	31731086	31731208	GSE30267.AFF4.HCT-116_SERUM	0	.	31731118	31731119	56,140,252
chr21	38805945	38806074	GSE30267.AFF4.HCT-116_SERUM	0	.	38805965	38805966	56,140,252
chr22	32835754	32835876	GSE30267.AFF4.HCT-116_SERUM	0	.	32835825	32835826	56,140,252
chr22	36387094	36388008	GSE30267.AFF4.HCT-116_SERUM	0	.	36387848	36387849	56,140,252
chr22	46070385	46070561	GSE30267.AFF4.HCT-116_SERUM	0	.	46070452	46070453	56,140,252
chr22	46070646	46070782	GSE30267.AFF4.HCT-116_SERUM	0	.	46070646	46070647	56,140,252
chr3	4979415	4979761	GSE30267.AFF4.HCT-116_SERUM	0	.	4979501	4979502	56,140,252
chr3	45145800	45146043	GSE30267.AFF4.HCT-116_SERUM	0	.	45145903	45145904	56,140,252
chr3	45146174	45146296	GSE30267.AFF4.HCT-116_SERUM	0	.	45146220	45146221	56,140,252
chr3	98900858	98901722	GSE30267.AFF4.HCT-116_SERUM	0	.	98901608	98901609	56,140,252
chr3	111072244	111072526	GSE30267.AFF4.HCT-116_SERUM	0	.	111072443	111072444	56,140,252
chr3	134250814	134250936	GSE30267.AFF4.HCT-116_SERUM	0	.	134250881	134250882	56,140,252
chr3	143811001	143811123	GSE30267.AFF4.HCT-116_SERUM	0	.	143811052	143811053	56,140,252
chr3	156674557	156674814	GSE30267.AFF4.HCT-116_SERUM	0	.	156674663	156674664	56,140,252
chr3	156675119	156675241	GSE30267.AFF4.HCT-116_SERUM	0	.	156675157	156675158	56,140,252
chr3	185825303	185825425	GSE30267.AFF4.HCT-116_SERUM	0	.	185825358	185825359	56,140,252
chr4	2934933	2935055	GSE30267.AFF4.HCT-116_SERUM	0	.	2934958	2934959	56,140,252
chr4	10116649	10116859	GSE30267.AFF4.HCT-116_SERUM	0	.	10116716	10116717	56,140,252
chr4	74364993	74365564	GSE30267.AFF4.HCT-116_SERUM	0	.	74365273	74365274	56,140,252
chr4	74444912	74445583	GSE30267.AFF4.HCT-116_SERUM	0	.	74445223	74445224	56,140,252
chr4	78551530	78551845	GSE30267.AFF4.HCT-116_SERUM	0	.	78551771	78551772	56,140,252
chr4	78551964	78552301	GSE30267.AFF4.HCT-116_SERUM	0	.	78552080	78552081	56,140,252
chr4	94451957	94452495	GSE30267.AFF4.HCT-116_SERUM	0	.	94452321	94452322	56,140,252
chr4	109433800	109433925	GSE30267.AFF4.HCT-116_SERUM	0	.	109433904	109433905	56,140,252
chr4	128287154	128287276	GSE30267.AFF4.HCT-116_SERUM	0	.	128287229	128287230	56,140,252
chr4	151003491	151003648	GSE30267.AFF4.HCT-116_SERUM	0	.	151003571	151003572	56,140,252
chr4	168480066	168480599	GSE30267.AFF4.HCT-116_SERUM	0	.	168480324	168480325	56,140,252
chr4	186723469	186723663	GSE30267.AFF4.HCT-116_SERUM	0	.	186723576	186723577	56,140,252
chr4	186723910	186724141	GSE30267.AFF4.HCT-116_SERUM	0	.	186724021	186724022	56,140,252
chr4	186724411	186724925	GSE30267.AFF4.HCT-116_SERUM	0	.	186724731	186724732	56,140,252
chr4	186725812	186726082	GSE30267.AFF4.HCT-116_SERUM	0	.	186726005	186726006	56,140,252
chr4	186726282	186726693	GSE30267.AFF4.HCT-116_SERUM	0	.	186726511	186726512	56,140,252
chr4	186726881	186727003	GSE30267.AFF4.HCT-116_SERUM	0	.	186726937	186726938	56,140,252
chr5	14143803	14144028	GSE30267.AFF4.HCT-116_SERUM	0	.	14143919	14143920	56,140,252
chr5	14145024	14145240	GSE30267.AFF4.HCT-116_SERUM	0	.	14145163	14145164	56,140,252
chr5	57173375	57173544	GSE30267.AFF4.HCT-116_SERUM	0	.	57173427	57173428	56,140,252
chr5	115841023	115841170	GSE30267.AFF4.HCT-116_SERUM	0	.	115841115	115841116	56,140,252
chr5	115842120	115842507	GSE30267.AFF4.HCT-116_SERUM	0	.	115842192	115842193	56,140,252
chr5	116084856	116084978	GSE30267.AFF4.HCT-116_SERUM	0	.	116084906	116084907	56,140,252
chr5	116085051	116085343	GSE30267.AFF4.HCT-116_SERUM	0	.	116085222	116085223	56,140,252
chr5	138463831	138463977	GSE30267.AFF4.HCT-116_SERUM	0	.	138463908	138463909	56,140,252
chr5	138465382	138466125	GSE30267.AFF4.HCT-116_SERUM	0	.	138465635	138465636	56,140,252
chr5	138466209	138466472	GSE30267.AFF4.HCT-116_SERUM	0	.	138466384	138466385	56,140,252
chr5	172770673	172771286	GSE30267.AFF4.HCT-116_SERUM	0	.	172771031	172771032	56,140,252
chr5	175478577	175478718	GSE30267.AFF4.HCT-116_SERUM	0	.	175478656	175478657	56,140,252
chr5	181223397	181223552	GSE30267.AFF4.HCT-116_SERUM	0	.	181223461	181223462	56,140,252
chr6	16760296	16760418	GSE30267.AFF4.HCT-116_SERUM	0	.	16760313	16760314	56,140,252
chr6	16760507	16760629	GSE30267.AFF4.HCT-116_SERUM	0	.	16760526	16760527	56,140,252
chr6	16760686	16760903	GSE30267.AFF4.HCT-116_SERUM	0	.	16760856	16760857	56,140,252
chr6	26031921	26032070	GSE30267.AFF4.HCT-116_SERUM	0	.	26031996	26031997	56,140,252
chr6	26055395	26055567	GSE30267.AFF4.HCT-116_SERUM	0	.	26055468	26055469	56,140,252
chr6	26055830	26056191	GSE30267.AFF4.HCT-116_SERUM	0	.	26055942	26055943	56,140,252
chr6	26123348	26123470	GSE30267.AFF4.HCT-116_SERUM	0	.	26123399	26123400	56,140,252
chr6	26156240	26156853	GSE30267.AFF4.HCT-116_SERUM	0	.	26156457	26156458	56,140,252
chr6	34236871	34237000	GSE30267.AFF4.HCT-116_SERUM	0	.	34236933	34236934	56,140,252
chr6	43172183	43172305	GSE30267.AFF4.HCT-116_SERUM	0	.	43172254	43172255	56,140,252
chr6	47309692	47309940	GSE30267.AFF4.HCT-116_SERUM	0	.	47309798	47309799	56,140,252
chr6	63572558	63573791	GSE30267.AFF4.HCT-116_SERUM	0	.	63572690	63572691	56,140,252
chr6	73520350	73520491	GSE30267.AFF4.HCT-116_SERUM	0	.	73520401	73520402	56,140,252
chr6	73520785	73521144	GSE30267.AFF4.HCT-116_SERUM	0	.	73520887	73520888	56,140,252
chr6	73523585	73523750	GSE30267.AFF4.HCT-116_SERUM	0	.	73523666	73523667	56,140,252
chr6	85678594	85678806	GSE30267.AFF4.HCT-116_SERUM	0	.	85678702	85678703	56,140,252
chr6	96521741	96521872	GSE30267.AFF4.HCT-116_SERUM	0	.	96521844	96521845	56,140,252
chr6	131951195	131951348	GSE30267.AFF4.HCT-116_SERUM	0	.	131951280	131951281	56,140,252
chr6	150866044	150866341	GSE30267.AFF4.HCT-116_SERUM	0	.	150866242	150866243	56,140,252
chr6	150866777	150866899	GSE30267.AFF4.HCT-116_SERUM	0	.	150866842	150866843	56,140,252
chr6	151240320	151240686	GSE30267.AFF4.HCT-116_SERUM	0	.	151240504	151240505	56,140,252
chr6	151241196	151241337	GSE30267.AFF4.HCT-116_SERUM	0	.	151241267	151241268	56,140,252
chr6	151325624	151326049	GSE30267.AFF4.HCT-116_SERUM	0	.	151325771	151325772	56,140,252
chr6	152982821	152982943	GSE30267.AFF4.HCT-116_SERUM	0	.	152982858	152982859	56,140,252
chr6	157823559	157823960	GSE30267.AFF4.HCT-116_SERUM	0	.	157823637	157823638	56,140,252
chr7	5423472	5423680	GSE30267.AFF4.HCT-116_SERUM	0	.	5423591	5423592	56,140,252
chr7	5427271	5427421	GSE30267.AFF4.HCT-116_SERUM	0	.	5427304	5427305	56,140,252
chr7	5529410	5529562	GSE30267.AFF4.HCT-116_SERUM	0	.	5529454	5529455	56,140,252
chr7	5529802	5529930	GSE30267.AFF4.HCT-116_SERUM	0	.	5529881	5529882	56,140,252
chr7	5529995	5530699	GSE30267.AFF4.HCT-116_SERUM	0	.	5530523	5530524	56,140,252
chr7	73830900	73831219	GSE30267.AFF4.HCT-116_SERUM	0	.	73831085	73831086	56,140,252
chr7	76302739	76302873	GSE30267.AFF4.HCT-116_SERUM	0	.	76302801	76302802	56,140,252
chr7	101127101	101127231	GSE30267.AFF4.HCT-116_SERUM	0	.	101127179	101127180	56,140,252
chr7	116210460	116210599	GSE30267.AFF4.HCT-116_SERUM	0	.	116210479	116210480	56,140,252
chr7	116524698	116525571	GSE30267.AFF4.HCT-116_SERUM	0	.	116525073	116525074	56,140,252
chr7	116525673	116526231	GSE30267.AFF4.HCT-116_SERUM	0	.	116525751	116525752	56,140,252
chr7	121329896	121330238	GSE30267.AFF4.HCT-116_SERUM	0	.	121330143	121330144	56,140,252
chr7	121330369	121330491	GSE30267.AFF4.HCT-116_SERUM	0	.	121330462	121330463	56,140,252
chr7	121395776	121396006	GSE30267.AFF4.HCT-116_SERUM	0	.	121395890	121395891	56,140,252
chr7	140175962	140176084	GSE30267.AFF4.HCT-116_SERUM	0	.	140176070	140176071	56,140,252
chr7	143380895	143381017	GSE30267.AFF4.HCT-116_SERUM	0	.	143380911	143380912	56,140,252
chr8	17801373	17801542	GSE30267.AFF4.HCT-116_SERUM	0	.	17801452	17801453	56,140,252
chr8	29348737	29348867	GSE30267.AFF4.HCT-116_SERUM	0	.	29348820	29348821	56,140,252
chr8	29349299	29349586	GSE30267.AFF4.HCT-116_SERUM	0	.	29349469	29349470	56,140,252
chr8	29349717	29349852	GSE30267.AFF4.HCT-116_SERUM	0	.	29349780	29349781	56,140,252
chr8	29349993	29350742	GSE30267.AFF4.HCT-116_SERUM	0	.	29350122	29350123	56,140,252
chr8	29351052	29351196	GSE30267.AFF4.HCT-116_SERUM	0	.	29351099	29351100	56,140,252
chr8	42541879	42542012	GSE30267.AFF4.HCT-116_SERUM	0	.	42541905	42541906	56,140,252
chr8	42542116	42542238	GSE30267.AFF4.HCT-116_SERUM	0	.	42542182	42542183	56,140,252
chr8	93740744	93740915	GSE30267.AFF4.HCT-116_SERUM	0	.	93740811	93740812	56,140,252
chr8	93916391	93916683	GSE30267.AFF4.HCT-116_SERUM	0	.	93916545	93916546	56,140,252
chr8	93916898	93917186	GSE30267.AFF4.HCT-116_SERUM	0	.	93917103	93917104	56,140,252
chr8	93917339	93917461	GSE30267.AFF4.HCT-116_SERUM	0	.	93917403	93917404	56,140,252
chr8	93917508	93918008	GSE30267.AFF4.HCT-116_SERUM	0	.	93917910	93917911	56,140,252
chr8	100951569	100951950	GSE30267.AFF4.HCT-116_SERUM	0	.	100951648	100951649	56,140,252
chr8	127736189	127736380	GSE30267.AFF4.HCT-116_SERUM	0	.	127736265	127736266	56,140,252
chr9	21559054	21559857	GSE30267.AFF4.HCT-116_SERUM	0	.	21559694	21559695	56,140,252
chr9	21802046	21802192	GSE30267.AFF4.HCT-116_SERUM	0	.	21802144	21802145	56,140,252
chr9	21802708	21802998	GSE30267.AFF4.HCT-116_SERUM	0	.	21802920	21802921	56,140,252
chr9	21803125	21803327	GSE30267.AFF4.HCT-116_SERUM	0	.	21803233	21803234	56,140,252
chr9	99821841	99822156	GSE30267.AFF4.HCT-116_SERUM	0	.	99822063	99822064	56,140,252
chr9	125241189	125241364	GSE30267.AFF4.HCT-116_SERUM	0	.	125241274	125241275	56,140,252
chr9	129176805	129177030	GSE30267.AFF4.HCT-116_SERUM	0	.	129176911	129176912	56,140,252
chr9	129177661	129178007	GSE30267.AFF4.HCT-116_SERUM	0	.	129177931	129177932	56,140,252
chr9	129178080	129178234	GSE30267.AFF4.HCT-116_SERUM	0	.	129178183	129178184	56,140,252
chrX	23783062	23783470	GSE30267.AFF4.HCT-116_SERUM	0	.	23783224	23783225	56,140,252
chrX	40096467	40096746	GSE30267.AFF4.HCT-116_SERUM	0	.	40096517	40096518	56,140,252
chrX	40097342	40097464	GSE30267.AFF4.HCT-116_SERUM	0	.	40097412	40097413	56,140,252
chrX	40174388	40174632	GSE30267.AFF4.HCT-116_SERUM	0	.	40174558	40174559	56,140,252
chrX	41085435	41085557	GSE30267.AFF4.HCT-116_SERUM	0	.	41085497	41085498	56,140,252
