"freq.background"	"freq.dataset"	"rel.freq.background"	"c.i.low.back"	"c.i.up.back"	"rel.freq.dataset"	"c.i.low.dataset"	"c.i.up.dataset"	"Expected"	"deviation"	"Z-score"	"(Z-score)^2"	"preferences"	"inf.content.back"	"inf.content.dataset"
"promoter"	8728353	113	0.00297404855091166	0	0.00644567219152855	0.103955841766329	0.0864765409383625	0.122355105795768	3.23279077484097	1.79532033504497	61.1407374397112	3738.1897746717	0.34682653935427	8.39335608529202	3.26595726261212
"proximal"	46508127	179	0.0158469103747254	0.00920810313075507	0.0230202578268877	0.164673413063477	0.142594296228151	0.187672493100276	17.2255915773265	4.11735508528794	39.2908566474441	1543.77141609	0.244699931881138	5.97965459998136	2.60232044776305
"distal"	45210726	22	0.0154048414570268	0.00828729281767956	0.0239410681399632	0.0202391904323827	0.0128794848206072	0.0294388224471021	16.7450626637881	4.06043119969033	1.29418208997425	1.67490728201013	0.0671030147762898	6.02047235519611	5.62670460639001
"enhancer"	11684433	26	0.0039812861638243	0.000920810313075506	0.00736648250460405	0.0239190432382705	0.015639374425023	0.0331186752529899	4.32765806007702	2.07615674261389	10.4386829255663	108.96610122051	0.109844522441849	7.97254971258156	5.38569650688622
"cleavage"	5675337	5	0.00193378152565385	0	0.00460405156537753	0.00459981600735971	0.000919963201471941	0.00919963201471941	2.10202051838573	1.44843187399986	2.00077030451661	4.0030818114355	0.0704056166493969	9.01435947312548	7.76420813013995
"splice"	21287947	6	0.00725353201540247	0.00276243093922652	0.0128913443830571	0.00551977920883165	0.00183992640294388	0.0101195952161914	7.88458930074248	2.79774825232569	-0.673609321058775	0.453749517417264	0.0579055338868428	7.10710061639244	7.50117372430615
"exon"	52543546	29	0.0179033841597676	0.0101289134438306	0.0257826887661142	0.0266789328426863	0.0174793008279669	0.0367985280588776	19.4609785816674	4.37179072390628	2.18194831837909	4.76089846407733	0.071252444880654	5.80362387328801	5.22815522989974
"intron"	1016026896	263	0.346195131857759	0.318600368324125	0.375690607734807	0.241950321987121	0.216191352345906	0.267709291628335	376.314108329385	15.6855317070811	-7.22411649445264	52.1878591254227	0.027288384017362	1.53034265699404	2.04721723573501
"intergenic"	1727173408	444	0.588507083894928	0.558931860036832	0.617863720073665	0.408463661453542	0.37902483900644	0.438822447102116	639.707200193787	16.2245149035148	-12.0624376973755	145.502403203065	0.0046740121121977	0.764868313712726	1.2917203586772
