"freq.background"	"freq.dataset"	"rel.freq.background"	"c.i.low.back"	"c.i.up.back"	"rel.freq.dataset"	"c.i.low.dataset"	"c.i.up.dataset"	"Expected"	"deviation"	"Z-score"	"(Z-score)^2"	"preferences"	"inf.content.back"	"inf.content.dataset"
"promoter"	8728353	48	0.00297404855091166	0.00209257554197707	0.00401774504059597	0.00401808136614766	0.00292985099614934	0.0051900217646074	35.5279839891907	5.95165337268153	2.09555483658653	4.39135007314121	0.0983743881981573	8.39335608529202	7.9592775057205
"proximal"	46508127	314	0.0158469103747254	0.0135619855054779	0.0180798526826818	0.0262849489368826	0.0235225179976561	0.029214799933032	189.307191336469	13.6494138686774	9.13539657183926	83.4554705247725	0.114000181772381	5.97965459998136	5.24961925755003
"distal"	45210726	298	0.0154048414570268	0.0132250774252951	0.0176613375742864	0.0249455884815001	0.0221831575422736	0.0278754394776494	184.026236045642	13.4607059099416	8.46714613014322	71.6925635891993	0.112516917822633	6.02047235519611	5.3250714859795
"enhancer"	11684433	439	0.0039812861638243	0.00292960575876789	0.00518958734410312	0.0367487024945588	0.0334003013561025	0.0400971036330152	47.5604445130451	6.88265210290947	56.8733606804684	3234.57915509065	0.219960457708661	7.97254971258156	4.7661628769063
"cleavage"	5675337	33	0.00193378152565385	0.00117184230350716	0.00276219971540973	0.00276243093922652	0.00184162062615101	0.00376695128076344	23.1009541054608	4.80168596083703	2.06157711588734	4.25010020475038	0.0982989704729108	9.01435947312548	8.49984588708321
"splice"	21287947	98	0.00725353201540247	0.0057755084958567	0.00887252029798276	0.00820358278921815	0.00661309224845136	0.00987778335844634	86.6506934559979	9.2747948635311	1.22367197452831	1.49737310124601	0.0964391370752234	7.10710061639244	6.92953016232645
"exon"	52543546	254	0.0179033841597676	0.0155687620323094	0.0203398342680171	0.0212623472291981	0.0186673363468944	0.0238573581115018	213.873827172584	14.4928916019563	2.76867956578105	7.66558653797356	0.0998684712278123	5.80362387328801	5.55555531966949
"intron"	1016026896	5649	0.346195131857759	0.337825395496777	0.354817108897631	0.472877950778503	0.464006783930516	0.481834923823874	4135.64704517279	51.9989919706522	29.1035056156729	847.014039121502	0.158321852872466	1.53034265699404	1.08046022110627
"intergenic"	1727173408	4813	0.588507083894928	0.579559722105968	0.597053653636896	0.402896366984765	0.393939393939394	0.411602209944751	7030.30562420882	53.7857712413237	-41.2247621078129	1699.48101084577	0.00221962284975465	0.764868313712726	1.31151929847679
