"freq.background"	"freq.dataset"	"rel.freq.background"	"c.i.low.back"	"c.i.up.back"	"rel.freq.dataset"	"c.i.low.dataset"	"c.i.up.dataset"	"Expected"	"deviation"	"Z-score"	"(Z-score)^2"	"preferences"	"inf.content.back"	"inf.content.dataset"
"promoter"	8728353	111	0.00297404855091166	0.00227536568377061	0.00371488274901323	0.00515463917525773	0.00427231355066407	0.00612984118138757	64.0431614953317	7.99075875837592	5.87639295898504	34.531994208409	0.104412306572941	8.39335608529202	7.59991284218713
"proximal"	46508127	546	0.0158469103747254	0.0142094265149756	0.0175063849547249	0.0253552521593759	0.02331197176558	0.0274914089347079	341.247368009336	18.3258611663217	11.1728791423427	124.833228329397	0.115180961724543	5.97965459998136	5.30157156761738
"distal"	45210726	476	0.0154048414570268	0.0138379382400743	0.0170884606454609	0.0221045788056097	0.0202006129841181	0.0241478591994056	331.727855935615	18.0724996750486	7.98296564716899	63.7277405238803	0.108695326304422	6.02047235519611	5.49951094522929
"enhancer"	11684433	705	0.0039812861638243	0.00320408637102391	0.00487578360807987	0.0327389244915018	0.0303705767623293	0.0351537104114424	85.7330162517926	9.24072843768438	67.0149531959829	4491.00395185978	0.228717373907277	7.97254971258156	4.93284926125108
"cleavage"	5675337	47	0.00193378152565385	0.00139308103087996	0.0025539818899466	0.00218259496610012	0.00157889848611498	0.00283272963685335	41.6420513734299	6.44679919073344	0.831102143567856	0.690730773043085	0.0941543742287603	9.01435947312548	8.8397398568596
"splice"	21287947	169	0.00725353201540247	0.00612955653587184	0.00840492221964244	0.00784805423980682	0.00668709947060462	0.00900900900900901	156.197558419677	12.4524470171739	1.02810648884244	1.05700295239994	0.0945549174916306	7.10710061639244	6.99344927225505
"exon"	52543546	437	0.0179033841597676	0.0161597399582076	0.0197353146041328	0.0202934893656543	0.0184823999256989	0.0221974551871459	385.531474496436	19.4583241413381	2.6450646586888	6.99636704864448	0.0978424678264833	5.80362387328801	5.62283923903663
"intron"	1016026896	9582	0.346195131857759	0.340051079637799	0.352495936846993	0.444970743939816	0.43833008265998	0.451518528838116	7454.96596942499	69.8144489434538	30.4669601030268	928.235657919427	0.154409102257702	1.53034265699404	1.16821761040484
"intergenic"	1727173408	9461	0.588507083894928	0.582075690736011	0.594983745491807	0.439351722856878	0.432758662618833	0.446038822327482	12672.9115445934	72.2133994891858	-44.478054866734	1978.2973647282	0.00203316968624186	0.764868313712726	1.18655174360922
