"freq.background"	"freq.dataset"	"rel.freq.background"	"c.i.low.back"	"c.i.up.back"	"rel.freq.dataset"	"c.i.low.dataset"	"c.i.up.dataset"	"Expected"	"deviation"	"Z-score"	"(Z-score)^2"	"preferences"	"inf.content.back"	"inf.content.dataset"
"promoter"	8728353	79	0.00297404855091166	0	0.0107913669064748	0.284172661870504	0.233812949640288	0.338129496402878	0.826785497153441	0.907924291524898	86.1010276215336	7413.38695748409	0.368632811963308	8.39335608529202	1.8151603245464
"proximal"	46508127	116	0.0158469103747254	0.00359712230215827	0.0287769784172662	0.41726618705036	0.359712230215827	0.47841726618705	4.40544108417366	2.08221709841706	53.5941036122807	2872.32794200388	0.252860858989061	5.97965459998136	1.26096007759594
"distal"	45210726	14	0.0154048414570268	0.00359712230215827	0.0287769784172662	0.0503597122302158	0.0251798561151079	0.079136690647482	4.28254592505344	2.05342971296099	4.73230420968938	22.3947031330438	0.0788417502889055	6.02047235519611	4.3115861506659
"enhancer"	11684433	6	0.0039812861638243	0	0.0107913669064748	0.0215827338129496	0.00719424460431655	0.039568345323741	1.10679755354316	1.04994808048288	4.66042325083962	21.7195448769665	0.0785857494754994	7.97254971258156	5.53397857200235
"cleavage"	5675337	2	0.00193378152565385	0	0.0107913669064748	0.00719424460431655	0	0.0179856115107914	0.537591264131769	0.732496846024116	1.99647103438871	3.98589659115311	0.0690982030487502	9.01435947312548	7.11894107272351
"splice"	21287947	1	0.00725353201540247	0	0.0179856115107914	0.00359712230215827	0	0.0107913669064748	2.01648190028189	1.4148692855942	-0.718428133702115	0.516138983294704	0.0594292113370593	7.10710061639244	8.11894107272351
"exon"	52543546	2	0.0179033841597676	0.00359712230215827	0.0359712230215827	0.00719424460431655	0	0.0179856115107914	4.97714079641539	2.21088956562078	-1.34658050890908	1.81327906697383	0.0571920748050878	5.80362387328801	7.11894107272351
"intron"	1016026896	29	0.346195131857759	0.29136690647482	0.402877697841727	0.10431654676259	0.0683453237410072	0.140287769784173	96.2422466564571	7.93244246408326	-8.47686534896641	71.8572461445075	0.0317978849100016	1.53034265699404	3.26096007759594
"intergenic"	1727173408	29	0.588507083894928	0.532374100719424	0.647482014388489	0.10431654676259	0.0683453237410072	0.140287769784173	163.60496932279	8.20501551258807	-16.4052059519303	269.130782325249	0.00356145518232648	0.764868313712726	3.26096007759594
