"freq.background"	"rel.freq.background"	"freq.ERYTH_BIO_filtrado"	"freq.ERYTH_BMP_filtrado"	"freq.accum."	"expect.ERYTH_BIO_filtrado"	"expect.ERYTH_BMP_filtrado"	"deviat.ERYTH_BIO_filtrado"	"deviat.ERYTH_BMP_filtrado"	"Z-score.ERYTH_BIO_filtrado"	"Z-score.ERYTH_BMP_filtrado"	"Z-scoreSq.ERYTH_BIO_filtrado"	"Z-scoreSqERYTH_BMP_filtrado"	"contrib.accum."
"promoter"	8706779	0.00299078293559785	42	48	90	38.0709013582744	51.9290919874339	6.15672751314653	7.19048988726543	0.638179720206187	-0.546428970631396	0.407273355282447	0.298584619945287	0.705857975227734
"proximal"	46391791	0.0159356033815286	219	314	533	225.464352551067	307.535642335584	14.8209101842658	17.309456131114	-0.436164342857286	0.373458161564986	0.190239333980128	0.139470998439499	0.329710332419627
"distal"	45095931	0.0154904748242373	188	298	486	205.582879969867	280.417113966662	14.1688559940694	16.5479169773111	-1.24095269069193	1.0625437665324	1.53996358053553	1.12899925579686	2.66896283633239
"enhancer"	11674501	0.00401019692499603	308	439	747	315.98850353567	431.011493861283	17.4524132154205	20.3828089623742	-0.457730597887273	0.39192371146997	0.209517300242241	0.153604195612396	0.363121495854637
"cleavage"	5660588	0.00194441480550384	22	33	55	23.2655511643207	31.7344455593715	4.8170194759264	5.6258344639176	-0.262724942393419	0.224954084366575	0.0690243953556252	0.0506043400732043	0.119628735428829
"splice"	21238900	0.00729557275898115	78	98	176	74.4497679375547	101.550231534829	8.591662547708	10.0342694283896	0.41321828490487	-0.353810664559594	0.170749350979722	0.125181986356102	0.295931337335823
"exon"	52474138	0.018024892614204	218	254	472	199.660741697312	272.339257857512	13.9681202617948	16.3134761562985	1.31293674159216	-1.12417842045461	1.72380288742264	1.26377712101582	2.98758000843846
"intron"	1014535834	0.348493565746843	4316	5649	9965	4215.29511092256	5749.70488639882	46.7593139890651	54.6105660281216	2.15368619610182	-1.84405498282084	4.63836423127955	3.40053877966635	8.0389030109459
"intergenic"	1705425456	0.585814496008108	3367	4813	8180	3460.22217882987	4719.77782008467	45.7504889162939	53.4323513892097	-2.03762147767266	1.7446767265824	4.1519012862729	3.04389688027826	7.19579816655116
