"freq.background"	"freq.dataset"	"rel.freq.background"	"c.i.low.back"	"c.i.up.back"	"rel.freq.dataset"	"c.i.low.dataset"	"c.i.up.dataset"	"Expected"	"deviation"	"Z-score"	"(Z-score)^2"	"preferences"	"inf.content.back"	"inf.content.dataset"
"promoter"	8728353	35	0.00297404855091166	0.00191764230924505	0.0040371417036738	0.00353214249672015	0.00242204056917953	0.00474316278130992	29.4698470909836	5.42052609446621	1.02022438645985	1.04085779872737	0.0975295152693769	8.39335608529202	8.14524073806171
"proximal"	46508127	240	0.0158469103747254	0.0135244247073072	0.0183689947517158	0.0242204056917953	0.0212937733373701	0.0272479564032698	157.027034903154	12.4313362046486	6.67450093303881	44.5489627051359	0.112335776163723	5.97965459998136	5.36763315939816
"distal"	45210726	233	0.0154048414570268	0.013019781994348	0.0179627532464731	0.0235139771924513	0.020587344838026	0.0266399191811541	152.646573997678	12.2594685990424	6.5543971464308	42.9601219531402	0.112021272975867	6.02047235519611	5.4103376103524
"enhancer"	11684433	334	0.0039812861638243	0.00272507064997981	0.00524828421477594	0.0337067312544152	0.030174588757695	0.0373397921081845	39.450564597335	6.26844222719654	46.9892558193677	2207.99016245798	0.217903796019376	7.97254971258156	4.89081946253263
"cleavage"	5675337	22	0.00193378152565385	0.00111021396851029	0.00282599919257166	0.00222020385508124	0.00131193864163891	0.00322938742557271	19.161841137704	4.37318210896116	0.648991693366788	0.421190218059091	0.0965574071559575	9.01435947312548	8.81509213636938
"splice"	21287947	86	0.00725353201540247	0.00565199838514332	0.0089826402906742	0.00867897870622666	0.00686244827934201	0.0105964274901605	71.8752487406231	8.44710947202565	1.67214019258943	2.79605282367301	0.0992366188090053	7.10710061639244	6.84825900030458
"exon"	52543546	200	0.0179033841597676	0.0153411384739604	0.0204884941461445	0.0201836714098294	0.0174588757695025	0.0229084670501564	177.404633639137	13.199541739656	1.71182960791574	2.93036060653695	0.0993405493177494	5.80362387328801	5.63066756523196
"intron"	1016026896	4653	0.346195131857759	0.336798546628987	0.355672184093662	0.469573115349682	0.459784034715915	0.479059440912302	3430.44756157854	47.3585868015473	25.814799828054	666.403890162495	0.162456469182678	1.53034265699404	1.09057828324943
"intergenic"	1727173408	4106	0.588507083894928	0.578726790556514	0.598304400484457	0.414370774043799	0.40468261176708	0.423958017963468	5831.51669431485	48.9859133703595	-35.2247529053714	1240.78321724447	0.00261859510626598	0.764868313712726	1.27100584289808
