"freq.background"	"rel.freq.background"	"freq.SERUM"	"freq.SERUM_filtrado"	"freq.accum."	"expect.SERUM"	"expect.SERUM_filtrado"	"deviat.SERUM"	"deviat.SERUM_filtrado"	"Z-score.SERUM"	"Z-score.SERUM_filtrado"	"Z-scoreSq.SERUM"	"Z-scoreSqSERUM_filtrado"	"contrib.accum."
"promoter"	8706779	0.00299078293559785	113	79	192	152.896703061184	39.1032966430626	11.4625609982533	5.79681373952941	-3.48060988004888	6.88252290820996	12.1146451370939	47.3691215820349	59.4837667191288
"proximal"	46391791	0.0159356033815286	179	116	295	234.919413804526	60.0805860512036	13.5701590046211	6.86266220764918	-4.1207633444445	8.14835587951105	16.9806905409174	66.3957035391622	83.3763940800796
"distal"	45095931	0.0154904748242373	22	14	36	28.6681317072891	7.33186809073263	5.28318452305986	2.67179704748435	-1.26214249723519	2.49574791451536	1.59300368332708	6.22875765280777	7.82176133613485
"enhancer"	11674501	0.00401019692499603	26	6	32	25.4827835323764	6.51721602759948	4.98852439795616	2.52278236726125	0.103681254487906	-0.205018092052456	0.0107498025321859	0.0420324180688292	0.0527822206010151
"cleavage"	5660588	0.00194441480550384	5	2	7	5.5743586526734	1.42564094337001	2.35494588704084	1.1909365346825	-0.243894628676637	0.482275117022174	0.0594845898973147	0.232589288498752	0.292073878396067
"splice"	21238900	0.00729557275898115	6	1	7	5.5743586526734	1.42564094337001	2.35494588704084	1.1909365346825	0.180743578724626	-0.35740018966123	0.0326682412501853	0.127734895569883	0.160403136820068
"exon"	52474138	0.018024892614204	29	2	31	24.6864465819945	6.31355303568948	4.91180140219378	2.48398223210462	0.878201919173474	-1.73654745993682	0.771238610839972	3.01559708061302	3.78683569145299
"intron"	1014535834	0.348493565746843	263	29	292	232.53040295338	59.4695970754736	13.5198952378652	6.83724295851494	2.25368588369555	-4.45641573077749	5.07910006236857	19.859641165521	24.9387412278896
"intergenic"	1705425456	0.585814496008108	444	29	473	376.667399186978	96.332600712033	15.6889918425967	7.93419232284896	4.29170984908089	-8.48638373916497	18.4187734286979	72.0187089683636	90.4374823970616
