"freq.background"	"rel.freq.background"	"freq.STARVED"	"freq.STARVED_filtrado"	"freq.accum."	"expect.STARVED"	"expect.STARVED_filtrado"	"deviat.STARVED"	"deviat.STARVED_filtrado"	"Z-score.STARVED"	"Z-score.STARVED_filtrado"	"Z-scoreSq.STARVED"	"Z-scoreSqSTARVED_filtrado"	"contrib.accum."
"promoter"	8706779	0.00299078293559785	51	17	68	55.1862955163143	12.8137044998302	6.86662927059115	3.30876065816341	-0.609658007057937	1.26521556941307	0.371682885569856	1.60077043708523	1.97245332265509
"proximal"	46391791	0.0159356033815286	67	14	81	65.7366166164936	15.2633832777083	7.3712112506992	3.55189902180714	0.171394271651974	-0.355692340900357	0.0293759963551105	0.126517041375176	0.155893037730287
"distal"	45095931	0.0154904748242373	3	0	3	2.43468949467112	0.565310489527859	1.55532915392544	0.749452418677036	0.363466796659803	-0.754298038727752	0.132108112274139	0.568965531228533	0.701073643502672
"enhancer"	11674501	0.00401019692499603	11	2	13	10.5503211001793	2.44967877787804	3.20259703196017	1.54320652036431	0.14041070273068	-0.291392481786483	0.0197151654413234	0.0849095784416858	0.104624743883009
"cleavage"	5660588	0.00194441480550384	1	0	1	0.81156312149481	0.188436819766605	0.899902880269099	0.433628077047181	0.209396905640353	-0.43455862233317	0.0438470640917549	0.188841196244103	0.232688260335858
"splice"	21238900	0.00729557275898115	5	0	5	4.05781573766074	0.942184129061068	2.0035891926583	0.965451436876311	0.470248225430485	-0.975900074383313	0.22113339352052	0.952380955181356	1.17351434870188
"exon"	52474138	0.018024892614204	20	5	25	20.2890792090504	4.71092076621752	4.3821156503224	2.11157050889696	-0.0659679552339467	0.13690247735724	0.004351771117748	0.0187422883065497	0.0230940594242977
"intron"	1014535834	0.348493565746843	90	18	108	87.6488221987203	20.351177713687	8.20846211556979	3.95533753778495	0.286433410811505	-0.594431623401661	0.0820440988291123	0.353348954899935	0.435393053729047
"intergenic"	1705425456	0.585814496008108	131	32	163	132.284796614855	30.7152034356392	9.27968619589691	4.47151861490294	-0.138452592871451	0.287328908813824	0.0191691204728277	0.0825579018401428	0.101727022312971
