"freq.background"	"freq.dataset"	"rel.freq.background"	"c.i.low.back"	"c.i.up.back"	"rel.freq.dataset"	"c.i.low.dataset"	"c.i.up.dataset"	"Expected"	"deviation"	"Z-score"	"(Z-score)^2"	"preferences"	"inf.content.back"	"inf.content.dataset"
"promoter"	8728353	51	0.00297404855091166	0	0.00789473684210526	0.134564643799472	0.100263852242744	0.168865435356201	1.12716440079552	1.06010000207455	47.0454065669338	2213.2702790481	0.345439661519795	8.39335608529202	2.8936286961996
"proximal"	46508127	67	0.0158469103747254	0.00526315789473684	0.0289473684210526	0.176781002638522	0.139841688654354	0.216358839050132	6.00597903202092	2.43121411218576	25.0878853747452	629.401992576353	0.213876971826736	5.97965459998136	2.49996484771332
"distal"	45210726	3	0.0154048414570268	0.00526315789473684	0.0289473684210526	0.0079155672823219	0	0.0184696569920844	5.83843491221315	2.39760171997798	-1.1838642292262	1.40153451324135	0.0564647570968394	6.02047235519611	6.98109153744994
"enhancer"	11684433	11	0.0039812861638243	0	0.0131578947368421	0.029023746701847	0.0131926121372032	0.0474934036939314	1.50890745608941	1.22592816679533	7.74196466071989	59.9380168078356	0.109945568807001	7.97254971258156	5.10662241953379
"cleavage"	5675337	1	0.00193378152565385	0	0.00789473684210526	0.00263852242744063	0	0.0079155672823219	0.732903198222807	0.855269448387119	0.312295502055975	0.0975284806043937	0.0654292844100569	9.01435947312548	8.56605403817109
"splice"	21287947	5	0.00725353201540247	0	0.0184210526315789	0.0131926121372032	0.00263852242744063	0.0263852242744063	2.74908863383754	1.65201322025923	1.3625262428646	1.85647776249473	0.0717219428504036	7.10710061639244	6.24412594328373
"exon"	52543546	20	0.0179033841597676	0.00526315789473684	0.0315789473684211	0.0527704485488127	0.0316622691292876	0.0765171503957784	6.78538259655192	2.58145316187623	5.11906146452936	26.2047902776294	0.0942299424266375	5.80362387328801	4.24412594328373
"intron"	1016026896	90	0.346195131857759	0.297368421052632	0.392105263157895	0.237467018469657	0.195250659630607	0.279683377308707	131.207954974091	9.26198621529039	-4.44914881281745	19.7949251585949	0.036900179717159	1.53034265699404	2.07420094184142
"intergenic"	1727173408	131	0.588507083894928	0.536842105263158	0.636842105263158	0.345646437994723	0.298153034300792	0.393139841688654	223.044184796178	9.58024478815014	-9.60770698782435	92.3080335638888	0.00599169134537203	0.764868313712726	1.53263103663364
