1	491300	491532	GSE56706.AL5.Col-0_whole-plant_3w	2.93739	.	491402	491403	14,85,115
1	537764	537969	GSE56706.AL5.Col-0_whole-plant_3w	1.97754	.	537848	537849	14,85,115
1	884260	884582	GSE56706.AL5.Col-0_whole-plant_3w	19.4694	.	884419	884420	14,85,115
1	1364272	1364535	GSE56706.AL5.Col-0_whole-plant_3w	8.04506	.	1364423	1364424	14,85,115
1	1721913	1722118	GSE56706.AL5.Col-0_whole-plant_3w	6.62429	.	1721992	1721993	14,85,115
1	1864979	1865312	GSE56706.AL5.Col-0_whole-plant_3w	3.39609	.	1865149	1865150	14,85,115
1	2305351	2305573	GSE56706.AL5.Col-0_whole-plant_3w	2.67215	.	2305467	2305468	14,85,115
1	3035499	3035712	GSE56706.AL5.Col-0_whole-plant_3w	5.67702	.	3035649	3035650	14,85,115
1	3048862	3049062	GSE56706.AL5.Col-0_whole-plant_3w	4.71144	.	3048941	3048942	14,85,115
1	3793184	3793495	GSE56706.AL5.Col-0_whole-plant_3w	12.02601	.	3793318	3793319	14,85,115
1	4351403	4351603	GSE56706.AL5.Col-0_whole-plant_3w	5.22819	.	4351527	4351528	14,85,115
1	4598876	4599287	GSE56706.AL5.Col-0_whole-plant_3w	82.14011	.	4599068	4599069	14,85,115
1	5390327	5390567	GSE56706.AL5.Col-0_whole-plant_3w	4.28129	.	5390449	5390450	14,85,115
1	7052768	7053019	GSE56706.AL5.Col-0_whole-plant_3w	3.56538	.	7052898	7052899	14,85,115
1	7719322	7719788	GSE56706.AL5.Col-0_whole-plant_3w	39.77847	.	7719592	7719593	14,85,115
1	9159242	9159447	GSE56706.AL5.Col-0_whole-plant_3w	6.44401	.	9159309	9159310	14,85,115
1	9648326	9648840	GSE56706.AL5.Col-0_whole-plant_3w	7.7382	.	9648685	9648686	14,85,115
1	10081177	10081499	GSE56706.AL5.Col-0_whole-plant_3w	14.07356	.	10081343	10081344	14,85,115
1	11131019	11131411	GSE56706.AL5.Col-0_whole-plant_3w	57.84824	.	11131215	11131216	14,85,115
1	11695635	11696157	GSE56706.AL5.Col-0_whole-plant_3w	7.85761	.	11695774	11695775	14,85,115
1	12441694	12441985	GSE56706.AL5.Col-0_whole-plant_3w	4.59726	.	12441820	12441821	14,85,115
1	14196125	14196608	GSE56706.AL5.Col-0_whole-plant_3w	103.69189	.	14196403	14196404	14,85,115
1	18287950	18288150	GSE56706.AL5.Col-0_whole-plant_3w	5.30148	.	18288061	18288062	14,85,115
1	18622599	18622904	GSE56706.AL5.Col-0_whole-plant_3w	4.99375	.	18622782	18622783	14,85,115
1	19484775	19485007	GSE56706.AL5.Col-0_whole-plant_3w	1.97754	.	19484816	19484817	14,85,115
1	19604330	19604551	GSE56706.AL5.Col-0_whole-plant_3w	4.66582	.	19604462	19604463	14,85,115
1	19896170	19896507	GSE56706.AL5.Col-0_whole-plant_3w	28.63059	.	19896330	19896331	14,85,115
1	20001408	20001733	GSE56706.AL5.Col-0_whole-plant_3w	10.36368	.	20001587	20001588	14,85,115
1	20390376	20390762	GSE56706.AL5.Col-0_whole-plant_3w	22.06695	.	20390572	20390573	14,85,115
1	21074854	21075253	GSE56706.AL5.Col-0_whole-plant_3w	5.22819	.	21075084	21075085	14,85,115
1	21195921	21196144	GSE56706.AL5.Col-0_whole-plant_3w	7.11555	.	21195993	21195994	14,85,115
1	21253930	21254217	GSE56706.AL5.Col-0_whole-plant_3w	5.59468	.	21254004	21254005	14,85,115
1	22658136	22658423	GSE56706.AL5.Col-0_whole-plant_3w	11.16105	.	22658237	22658238	14,85,115
1	22664162	22664452	GSE56706.AL5.Col-0_whole-plant_3w	7.94124	.	22664312	22664313	14,85,115
1	22672783	22673008	GSE56706.AL5.Col-0_whole-plant_3w	5.7672	.	22672863	22672864	14,85,115
1	25484296	25484589	GSE56706.AL5.Col-0_whole-plant_3w	3.35485	.	25484468	25484469	14,85,115
1	26070207	26070491	GSE56706.AL5.Col-0_whole-plant_3w	13.15536	.	26070346	26070347	14,85,115
1	27127839	27128083	GSE56706.AL5.Col-0_whole-plant_3w	4.28129	.	27127917	27127918	14,85,115
1	27454301	27454501	GSE56706.AL5.Col-0_whole-plant_3w	2.66572	.	27454384	27454385	14,85,115
1	27747453	27747670	GSE56706.AL5.Col-0_whole-plant_3w	2.53598	.	27747559	27747560	14,85,115
1	27964163	27964480	GSE56706.AL5.Col-0_whole-plant_3w	10.91391	.	27964309	27964310	14,85,115
1	28030820	28031132	GSE56706.AL5.Col-0_whole-plant_3w	4.04177	.	28030968	28030969	14,85,115
1	28559552	28559799	GSE56706.AL5.Col-0_whole-plant_3w	4.66582	.	28559638	28559639	14,85,115
1	28942863	28943101	GSE56706.AL5.Col-0_whole-plant_3w	5.92143	.	28942995	28942996	14,85,115
1	30396703	30396954	GSE56706.AL5.Col-0_whole-plant_3w	8.92658	.	30396783	30396784	14,85,115
2	3242	3715	GSE56706.AL5.Col-0_whole-plant_3w	51.41598	.	3426	3427	14,85,115
2	5733	5944	GSE56706.AL5.Col-0_whole-plant_3w	13.46353	.	5767	5768	14,85,115
2	172797	173078	GSE56706.AL5.Col-0_whole-plant_3w	9.73345	.	172964	172965	14,85,115
2	1181764	1182021	GSE56706.AL5.Col-0_whole-plant_3w	4.2283	.	1181895	1181896	14,85,115
2	1864897	1865268	GSE56706.AL5.Col-0_whole-plant_3w	37.10268	.	1865081	1865082	14,85,115
2	2231927	2232319	GSE56706.AL5.Col-0_whole-plant_3w	36.013	.	2232125	2232126	14,85,115
2	2938102	2938929	GSE56706.AL5.Col-0_whole-plant_3w	197.47574	.	2938471	2938472	14,85,115
2	3276490	3276885	GSE56706.AL5.Col-0_whole-plant_3w	36.15884	.	3276764	3276765	14,85,115
2	3331454	3332209	GSE56706.AL5.Col-0_whole-plant_3w	89.44421	.	3331869	3331870	14,85,115
2	3509349	3509849	GSE56706.AL5.Col-0_whole-plant_3w	12.52555	.	3509739	3509740	14,85,115
2	3757641	3758004	GSE56706.AL5.Col-0_whole-plant_3w	11.41026	.	3757820	3757821	14,85,115
2	4871328	4871575	GSE56706.AL5.Col-0_whole-plant_3w	2.78858	.	4871449	4871450	14,85,115
2	5540647	5540847	GSE56706.AL5.Col-0_whole-plant_3w	5.2194	.	5540777	5540778	14,85,115
2	5671527	5671861	GSE56706.AL5.Col-0_whole-plant_3w	24.62152	.	5671702	5671703	14,85,115
2	6890787	6891160	GSE56706.AL5.Col-0_whole-plant_3w	15.7157	.	6890928	6890929	14,85,115
2	7007912	7008282	GSE56706.AL5.Col-0_whole-plant_3w	17.94959	.	7008096	7008097	14,85,115
2	7190785	7191145	GSE56706.AL5.Col-0_whole-plant_3w	17.02603	.	7190970	7190971	14,85,115
2	7624289	7624520	GSE56706.AL5.Col-0_whole-plant_3w	8.95095	.	7624383	7624384	14,85,115
2	7673998	7674225	GSE56706.AL5.Col-0_whole-plant_3w	6.89216	.	7674137	7674138	14,85,115
2	8034706	8034917	GSE56706.AL5.Col-0_whole-plant_3w	3.83177	.	8034824	8034825	14,85,115
2	8409985	8410367	GSE56706.AL5.Col-0_whole-plant_3w	27.39527	.	8410175	8410176	14,85,115
2	8475597	8475813	GSE56706.AL5.Col-0_whole-plant_3w	7.33546	.	8475671	8475672	14,85,115
2	9046917	9047265	GSE56706.AL5.Col-0_whole-plant_3w	17.68666	.	9047087	9047088	14,85,115
2	9293265	9293536	GSE56706.AL5.Col-0_whole-plant_3w	7.14175	.	9293433	9293434	14,85,115
2	9383649	9383967	GSE56706.AL5.Col-0_whole-plant_3w	14.66495	.	9383826	9383827	14,85,115
2	9695935	9696354	GSE56706.AL5.Col-0_whole-plant_3w	11.83244	.	9696081	9696082	14,85,115
2	9916515	9916715	GSE56706.AL5.Col-0_whole-plant_3w	2.98976	.	9916573	9916574	14,85,115
2	10927724	10927924	GSE56706.AL5.Col-0_whole-plant_3w	5.02115	.	10927771	10927772	14,85,115
2	12712934	12713302	GSE56706.AL5.Col-0_whole-plant_3w	5.84908	.	12713096	12713097	14,85,115
2	13845611	13845970	GSE56706.AL5.Col-0_whole-plant_3w	6.89216	.	13845742	13845743	14,85,115
2	14275840	14276474	GSE56706.AL5.Col-0_whole-plant_3w	20.40585	.	14276254	14276255	14,85,115
2	14450827	14451101	GSE56706.AL5.Col-0_whole-plant_3w	13.65034	.	14450968	14450969	14,85,115
2	14458830	14459030	GSE56706.AL5.Col-0_whole-plant_3w	8.07916	.	14458896	14458897	14,85,115
2	15531067	15531382	GSE56706.AL5.Col-0_whole-plant_3w	11.4252	.	15531211	15531212	14,85,115
2	15667655	15667932	GSE56706.AL5.Col-0_whole-plant_3w	4.9322	.	15667740	15667741	14,85,115
2	15952032	15952393	GSE56706.AL5.Col-0_whole-plant_3w	10.44685	.	15952212	15952213	14,85,115
2	16562389	16562928	GSE56706.AL5.Col-0_whole-plant_3w	5.63131	.	16562741	16562742	14,85,115
2	17132841	17133147	GSE56706.AL5.Col-0_whole-plant_3w	14.09987	.	17132971	17132972	14,85,115
2	17270238	17270438	GSE56706.AL5.Col-0_whole-plant_3w	3.92615	.	17270282	17270283	14,85,115
2	18626945	18627153	GSE56706.AL5.Col-0_whole-plant_3w	3.322	.	18626960	18626961	14,85,115
2	19418474	19418704	GSE56706.AL5.Col-0_whole-plant_3w	8.88722	.	19418614	19418615	14,85,115
3	337981	338358	GSE56706.AL5.Col-0_whole-plant_3w	10.04552	.	338153	338154	14,85,115
3	2118658	2118858	GSE56706.AL5.Col-0_whole-plant_3w	4.28518	.	2118702	2118703	14,85,115
3	2507903	2508243	GSE56706.AL5.Col-0_whole-plant_3w	22.86256	.	2508062	2508063	14,85,115
3	3002819	3003053	GSE56706.AL5.Col-0_whole-plant_3w	8.6083	.	3002879	3002880	14,85,115
3	4519861	4520105	GSE56706.AL5.Col-0_whole-plant_3w	10.53976	.	4519962	4519963	14,85,115
3	4572307	4572601	GSE56706.AL5.Col-0_whole-plant_3w	20.5185	.	4572476	4572477	14,85,115
3	4903525	4903818	GSE56706.AL5.Col-0_whole-plant_3w	8.56945	.	4903672	4903673	14,85,115
3	4950547	4950843	GSE56706.AL5.Col-0_whole-plant_3w	6.50541	.	4950719	4950720	14,85,115
3	6355648	6356097	GSE56706.AL5.Col-0_whole-plant_3w	7.14175	.	6356024	6356025	14,85,115
3	6667799	6668028	GSE56706.AL5.Col-0_whole-plant_3w	8.19666	.	6667901	6667902	14,85,115
3	6699338	6699726	GSE56706.AL5.Col-0_whole-plant_3w	38.68481	.	6699533	6699534	14,85,115
3	7563600	7563900	GSE56706.AL5.Col-0_whole-plant_3w	6.9524	.	7563762	7563763	14,85,115
3	7813080	7813308	GSE56706.AL5.Col-0_whole-plant_3w	4.33661	.	7813132	7813133	14,85,115
3	7962201	7962488	GSE56706.AL5.Col-0_whole-plant_3w	17.26802	.	7962348	7962349	14,85,115
3	8347591	8347828	GSE56706.AL5.Col-0_whole-plant_3w	8.50054	.	8347662	8347663	14,85,115
3	9128528	9128767	GSE56706.AL5.Col-0_whole-plant_3w	6.09852	.	9128685	9128686	14,85,115
3	9746144	9746539	GSE56706.AL5.Col-0_whole-plant_3w	20.26672	.	9746310	9746311	14,85,115
3	9850776	9851165	GSE56706.AL5.Col-0_whole-plant_3w	5.50056	.	9850969	9850970	14,85,115
3	10848759	10848959	GSE56706.AL5.Col-0_whole-plant_3w	4.40771	.	10848892	10848893	14,85,115
3	11585756	11585961	GSE56706.AL5.Col-0_whole-plant_3w	4.17632	.	11585870	11585871	14,85,115
3	11593140	11593539	GSE56706.AL5.Col-0_whole-plant_3w	32.82519	.	11593332	11593333	14,85,115
3	13433941	13434263	GSE56706.AL5.Col-0_whole-plant_3w	18.41508	.	13434074	13434075	14,85,115
3	13537055	13537407	GSE56706.AL5.Col-0_whole-plant_3w	25.17514	.	13537253	13537254	14,85,115
3	13537652	13538771	GSE56706.AL5.Col-0_whole-plant_3w	41.51831	.	13538247	13538248	14,85,115
3	13540488	13541338	GSE56706.AL5.Col-0_whole-plant_3w	24.99021	.	13541063	13541064	14,85,115
3	14196386	14196727	GSE56706.AL5.Col-0_whole-plant_3w	19.22458	.	14196555	14196556	14,85,115
3	14199472	14199825	GSE56706.AL5.Col-0_whole-plant_3w	17.28004	.	14199656	14199657	14,85,115
3	14201350	14201868	GSE56706.AL5.Col-0_whole-plant_3w	51.538	.	14201639	14201640	14,85,115
3	14201992	14202521	GSE56706.AL5.Col-0_whole-plant_3w	35.098	.	14202185	14202186	14,85,115
3	16872289	16872666	GSE56706.AL5.Col-0_whole-plant_3w	22.31185	.	16872467	16872468	14,85,115
3	17263275	17263544	GSE56706.AL5.Col-0_whole-plant_3w	17.89844	.	17263418	17263419	14,85,115
3	17651943	17652245	GSE56706.AL5.Col-0_whole-plant_3w	13.5861	.	17652087	17652088	14,85,115
3	18437892	18438217	GSE56706.AL5.Col-0_whole-plant_3w	10.28663	.	18438082	18438083	14,85,115
3	18444805	18445018	GSE56706.AL5.Col-0_whole-plant_3w	5.22392	.	18444897	18444898	14,85,115
3	19722174	19722489	GSE56706.AL5.Col-0_whole-plant_3w	3.45831	.	19722327	19722328	14,85,115
3	19783924	19784138	GSE56706.AL5.Col-0_whole-plant_3w	5.73608	.	19784087	19784088	14,85,115
3	21079929	21080371	GSE56706.AL5.Col-0_whole-plant_3w	6.9524	.	21080201	21080202	14,85,115
3	21225444	21225681	GSE56706.AL5.Col-0_whole-plant_3w	14.45238	.	21225548	21225549	14,85,115
3	21645349	21645549	GSE56706.AL5.Col-0_whole-plant_3w	3.74761	.	21645407	21645408	14,85,115
3	23227872	23228218	GSE56706.AL5.Col-0_whole-plant_3w	12.40351	.	23228057	23228058	14,85,115
3	23450453	23450698	GSE56706.AL5.Col-0_whole-plant_3w	6.58939	.	23450581	23450582	14,85,115
4	1585889	1586474	GSE56706.AL5.Col-0_whole-plant_3w	50.53621	.	1586075	1586076	14,85,115
4	2024531	2024732	GSE56706.AL5.Col-0_whole-plant_3w	3.45831	.	2024661	2024662	14,85,115
4	2720049	2720358	GSE56706.AL5.Col-0_whole-plant_3w	2.68723	.	2720161	2720162	14,85,115
4	3061215	3061425	GSE56706.AL5.Col-0_whole-plant_3w	8.21955	.	3061377	3061378	14,85,115
4	3950936	3951474	GSE56706.AL5.Col-0_whole-plant_3w	16.56029	.	3951280	3951281	14,85,115
4	5565362	5565640	GSE56706.AL5.Col-0_whole-plant_3w	10.20248	.	5565448	5565449	14,85,115
4	6864453	6864807	GSE56706.AL5.Col-0_whole-plant_3w	3.88175	.	6864532	6864533	14,85,115
4	7056993	7057282	GSE56706.AL5.Col-0_whole-plant_3w	13.19905	.	7057146	7057147	14,85,115
4	8695798	8696032	GSE56706.AL5.Col-0_whole-plant_3w	5.30148	.	8695894	8695895	14,85,115
4	8949733	8949933	GSE56706.AL5.Col-0_whole-plant_3w	2.75318	.	8949773	8949774	14,85,115
4	9472901	9473275	GSE56706.AL5.Col-0_whole-plant_3w	12.72623	.	9473087	9473088	14,85,115
4	9728384	9728584	GSE56706.AL5.Col-0_whole-plant_3w	3.791	.	9728416	9728417	14,85,115
4	10496381	10496624	GSE56706.AL5.Col-0_whole-plant_3w	5.90559	.	10496524	10496525	14,85,115
4	10979658	10979891	GSE56706.AL5.Col-0_whole-plant_3w	8.17244	.	10979737	10979738	14,85,115
4	12442196	12442459	GSE56706.AL5.Col-0_whole-plant_3w	5.72935	.	12442297	12442298	14,85,115
4	12602648	12602876	GSE56706.AL5.Col-0_whole-plant_3w	10.25035	.	12602765	12602766	14,85,115
4	12876843	12877266	GSE56706.AL5.Col-0_whole-plant_3w	4.17632	.	12877172	12877173	14,85,115
4	12938175	12938551	GSE56706.AL5.Col-0_whole-plant_3w	15.90809	.	12938409	12938410	14,85,115
4	13214133	13214379	GSE56706.AL5.Col-0_whole-plant_3w	2.98976	.	13214329	13214330	14,85,115
4	13492735	13492944	GSE56706.AL5.Col-0_whole-plant_3w	5.38667	.	13492875	13492876	14,85,115
4	14545879	14546113	GSE56706.AL5.Col-0_whole-plant_3w	3.02931	.	14546024	14546025	14,85,115
4	14580251	14580654	GSE56706.AL5.Col-0_whole-plant_3w	2.97297	.	14580339	14580340	14,85,115
4	14882032	14882411	GSE56706.AL5.Col-0_whole-plant_3w	7.79831	.	14882229	14882230	14,85,115
4	15488329	15488760	GSE56706.AL5.Col-0_whole-plant_3w	9.53828	.	15488498	15488499	14,85,115
4	16920938	16921310	GSE56706.AL5.Col-0_whole-plant_3w	49.10884	.	16921129	16921130	14,85,115
4	18528062	18528379	GSE56706.AL5.Col-0_whole-plant_3w	17.17721	.	18528218	18528219	14,85,115
5	1384737	1385072	GSE56706.AL5.Col-0_whole-plant_3w	23.36023	.	1384886	1384887	14,85,115
5	2033934	2034289	GSE56706.AL5.Col-0_whole-plant_3w	4.16111	.	2034131	2034132	14,85,115
5	2708526	2708779	GSE56706.AL5.Col-0_whole-plant_3w	5.73797	.	2708604	2708605	14,85,115
5	2747666	2748027	GSE56706.AL5.Col-0_whole-plant_3w	13.14826	.	2747855	2747856	14,85,115
5	2753335	2753690	GSE56706.AL5.Col-0_whole-plant_3w	17.12436	.	2753511	2753512	14,85,115
5	2845222	2845441	GSE56706.AL5.Col-0_whole-plant_3w	8.43393	.	2845302	2845303	14,85,115
5	2878937	2879193	GSE56706.AL5.Col-0_whole-plant_3w	6.89142	.	2879090	2879091	14,85,115
5	4248703	4249006	GSE56706.AL5.Col-0_whole-plant_3w	6.30395	.	4248811	4248812	14,85,115
5	6939891	6940250	GSE56706.AL5.Col-0_whole-plant_3w	32.8234	.	6940055	6940056	14,85,115
5	6941630	6942037	GSE56706.AL5.Col-0_whole-plant_3w	22.12377	.	6941900	6941901	14,85,115
5	7261943	7262296	GSE56706.AL5.Col-0_whole-plant_3w	15.17725	.	7262097	7262098	14,85,115
5	7316156	7316464	GSE56706.AL5.Col-0_whole-plant_3w	15.13185	.	7316320	7316321	14,85,115
5	7443139	7443339	GSE56706.AL5.Col-0_whole-plant_3w	3.30372	.	7443223	7443224	14,85,115
5	8133719	8134074	GSE56706.AL5.Col-0_whole-plant_3w	19.01634	.	8133898	8133899	14,85,115
5	8608673	8608981	GSE56706.AL5.Col-0_whole-plant_3w	4.8806	.	8608787	8608788	14,85,115
5	9690439	9690729	GSE56706.AL5.Col-0_whole-plant_3w	4.82704	.	9690578	9690579	14,85,115
5	9860020	9860356	GSE56706.AL5.Col-0_whole-plant_3w	8.6083	.	9860164	9860165	14,85,115
5	11651147	11651347	GSE56706.AL5.Col-0_whole-plant_3w	4.40771	.	11651318	11651319	14,85,115
5	11893775	11894132	GSE56706.AL5.Col-0_whole-plant_3w	10.3185	.	11893951	11893952	14,85,115
5	14932585	14932890	GSE56706.AL5.Col-0_whole-plant_3w	8.86828	.	14932730	14932731	14,85,115
5	15414261	15414607	GSE56706.AL5.Col-0_whole-plant_3w	7.72132	.	15414442	15414443	14,85,115
5	15423911	15424132	GSE56706.AL5.Col-0_whole-plant_3w	3.93456	.	15424005	15424006	14,85,115
5	15750948	15751251	GSE56706.AL5.Col-0_whole-plant_3w	13.57369	.	15751103	15751104	14,85,115
5	15966317	15966702	GSE56706.AL5.Col-0_whole-plant_3w	10.67137	.	15966506	15966507	14,85,115
5	16085332	16085540	GSE56706.AL5.Col-0_whole-plant_3w	3.791	.	16085496	16085497	14,85,115
5	16171471	16171697	GSE56706.AL5.Col-0_whole-plant_3w	5.37105	.	16171627	16171628	14,85,115
5	16977178	16977528	GSE56706.AL5.Col-0_whole-plant_3w	5.17642	.	16977353	16977354	14,85,115
5	17814910	17815110	GSE56706.AL5.Col-0_whole-plant_3w	3.23475	.	17814997	17814998	14,85,115
5	18695753	18695982	GSE56706.AL5.Col-0_whole-plant_3w	5.84908	.	18695878	18695879	14,85,115
5	18834746	18834947	GSE56706.AL5.Col-0_whole-plant_3w	4.56508	.	18834861	18834862	14,85,115
5	18840359	18840649	GSE56706.AL5.Col-0_whole-plant_3w	3.11324	.	18840465	18840466	14,85,115
5	18941277	18941558	GSE56706.AL5.Col-0_whole-plant_3w	11.83244	.	18941436	18941437	14,85,115
5	19455409	19455766	GSE56706.AL5.Col-0_whole-plant_3w	13.65948	.	19455585	19455586	14,85,115
5	19976935	19977220	GSE56706.AL5.Col-0_whole-plant_3w	3.02931	.	19977049	19977050	14,85,115
5	20373543	20373792	GSE56706.AL5.Col-0_whole-plant_3w	2.93279	.	20373614	20373615	14,85,115
5	21350767	21351016	GSE56706.AL5.Col-0_whole-plant_3w	3.83597	.	21350900	21350901	14,85,115
5	21568449	21568686	GSE56706.AL5.Col-0_whole-plant_3w	6.02042	.	21568566	21568567	14,85,115
5	22319298	22319699	GSE56706.AL5.Col-0_whole-plant_3w	26.2182	.	22319512	22319513	14,85,115
5	22372264	22372523	GSE56706.AL5.Col-0_whole-plant_3w	6.64693	.	22372358	22372359	14,85,115
5	22802597	22802968	GSE56706.AL5.Col-0_whole-plant_3w	7.46639	.	22802796	22802797	14,85,115
5	23014869	23015111	GSE56706.AL5.Col-0_whole-plant_3w	8.44182	.	23014989	23014990	14,85,115
5	23098953	23099287	GSE56706.AL5.Col-0_whole-plant_3w	10.39665	.	23099135	23099136	14,85,115
5	23793279	23793618	GSE56706.AL5.Col-0_whole-plant_3w	4.61528	.	23793438	23793439	14,85,115
5	24766701	24767052	GSE56706.AL5.Col-0_whole-plant_3w	6.80607	.	24766789	24766790	14,85,115
5	25277449	25277751	GSE56706.AL5.Col-0_whole-plant_3w	21.51017	.	25277603	25277604	14,85,115
5	25728619	25728819	GSE56706.AL5.Col-0_whole-plant_3w	4.16408	.	25728683	25728684	14,85,115
