chr1	3900715	3900897	GSE30267.AFF4.HCT-116_STARVED	0	.	3900788	3900789	56,140,252
chr1	28506425	28506690	GSE30267.AFF4.HCT-116_STARVED	0	.	28506608	28506609	56,140,252
chr1	66298545	66298668	GSE30267.AFF4.HCT-116_STARVED	0	.	66298602	66298603	56,140,252
chr1	66333617	66333754	GSE30267.AFF4.HCT-116_STARVED	0	.	66333660	66333661	56,140,252
chr1	145281138	145281329	GSE30267.AFF4.HCT-116_STARVED	0	.	145281260	145281261	56,140,252
chr1	146376902	146377106	GSE30267.AFF4.HCT-116_STARVED	0	.	146376987	146376988	56,140,252
chr1	148263572	148263751	GSE30267.AFF4.HCT-116_STARVED	0	.	148263648	148263649	56,140,252
chr1	148522632	148522781	GSE30267.AFF4.HCT-116_STARVED	0	.	148522735	148522736	56,140,252
chr10	27742587	27742844	GSE30267.AFF4.HCT-116_STARVED	0	.	27742741	27742742	56,140,252
chr10	27743736	27743993	GSE30267.AFF4.HCT-116_STARVED	0	.	27743904	27743905	56,140,252
chr10	107315240	107315363	GSE30267.AFF4.HCT-116_STARVED	0	.	107315337	107315338	56,140,252
chr10	112951786	112952944	GSE30267.AFF4.HCT-116_STARVED	0	.	112952171	112952172	56,140,252
chr11	65422653	65423165	GSE30267.AFF4.HCT-116_STARVED	0	.	65422821	65422822	56,140,252
chr11	65423338	65423668	GSE30267.AFF4.HCT-116_STARVED	0	.	65423573	65423574	56,140,252
chr11	122197290	122197469	GSE30267.AFF4.HCT-116_STARVED	0	.	122197376	122197377	56,140,252
chr11	122202981	122203199	GSE30267.AFF4.HCT-116_STARVED	0	.	122203055	122203056	56,140,252
chr12	46372044	46372486	GSE30267.AFF4.HCT-116_STARVED	0	.	46372365	46372366	56,140,252
chr12	65603547	65603808	GSE30267.AFF4.HCT-116_STARVED	0	.	65603735	65603736	56,140,252
chr12	75725099	75725224	GSE30267.AFF4.HCT-116_STARVED	0	.	75725153	75725154	56,140,252
chr12	76025710	76025857	GSE30267.AFF4.HCT-116_STARVED	0	.	76025813	76025814	56,140,252
chr12	76031952	76032209	GSE30267.AFF4.HCT-116_STARVED	0	.	76031996	76031997	56,140,252
chr12	88578877	88579512	GSE30267.AFF4.HCT-116_STARVED	0	.	88579423	88579424	56,140,252
chr12	88579653	88580571	GSE30267.AFF4.HCT-116_STARVED	0	.	88580408	88580409	56,140,252
chr13	102414197	102414320	GSE30267.AFF4.HCT-116_STARVED	0	.	102414207	102414208	56,140,252
chr14	53954082	53954282	GSE30267.AFF4.HCT-116_STARVED	0	.	53954098	53954099	56,140,252
chr14	53954733	53955369	GSE30267.AFF4.HCT-116_STARVED	0	.	53955143	53955144	56,140,252
chr14	68787003	68787189	GSE30267.AFF4.HCT-116_STARVED	0	.	68787067	68787068	56,140,252
chr16	69565662	69565806	GSE30267.AFF4.HCT-116_STARVED	0	.	69565784	69565785	56,140,252
chr16	82190210	82190386	GSE30267.AFF4.HCT-116_STARVED	0	.	82190292	82190293	56,140,252
chr17	48611092	48611248	GSE30267.AFF4.HCT-116_STARVED	0	.	48611134	48611135	56,140,252
chr17	57986880	57987031	GSE30267.AFF4.HCT-116_STARVED	0	.	57986992	57986993	56,140,252
chr17	59840690	59840827	GSE30267.AFF4.HCT-116_STARVED	0	.	59840759	59840760	56,140,252
chr17	81396705	81397068	GSE30267.AFF4.HCT-116_STARVED	0	.	81396880	81396881	56,140,252
chr17	81397128	81397325	GSE30267.AFF4.HCT-116_STARVED	0	.	81397233	81397234	56,140,252
chr18	3450122	3450679	GSE30267.AFF4.HCT-116_STARVED	0	.	3450222	3450223	56,140,252
chr18	3451345	3452756	GSE30267.AFF4.HCT-116_STARVED	0	.	3452161	3452162	56,140,252
chr18	3625235	3625387	GSE30267.AFF4.HCT-116_STARVED	0	.	3625295	3625296	56,140,252
chr18	50287875	50288045	GSE30267.AFF4.HCT-116_STARVED	0	.	50287984	50287985	56,140,252
chr19	15836432	15836657	GSE30267.AFF4.HCT-116_STARVED	0	.	15836529	15836530	56,140,252
chr2	226031136	226031319	GSE30267.AFF4.HCT-116_STARVED	0	.	226031170	226031171	56,140,252
chr2	226673528	226673702	GSE30267.AFF4.HCT-116_STARVED	0	.	226673628	226673629	56,140,252
chr2	231708775	231709763	GSE30267.AFF4.HCT-116_STARVED	0	.	231708870	231708871	56,140,252
chr20	31605274	31606343	GSE30267.AFF4.HCT-116_STARVED	0	.	31605903	31605904	56,140,252
chr20	31606802	31607287	GSE30267.AFF4.HCT-116_STARVED	0	.	31607077	31607078	56,140,252
chr20	62708756	62708946	GSE30267.AFF4.HCT-116_STARVED	0	.	62708869	62708870	56,140,252
chr21	20884550	20884673	GSE30267.AFF4.HCT-116_STARVED	0	.	20884626	20884627	56,140,252
chr3	58484058	58484193	GSE30267.AFF4.HCT-116_STARVED	0	.	58484120	58484121	56,140,252
chr3	98900837	98901725	GSE30267.AFF4.HCT-116_STARVED	0	.	98901016	98901017	56,140,252
chr3	111979281	111979459	GSE30267.AFF4.HCT-116_STARVED	0	.	111979347	111979348	56,140,252
chr3	150868415	150868538	GSE30267.AFF4.HCT-116_STARVED	0	.	150868452	150868453	56,140,252
chr4	30757355	30757524	GSE30267.AFF4.HCT-116_STARVED	0	.	30757448	30757449	56,140,252
chr4	30836800	30836994	GSE30267.AFF4.HCT-116_STARVED	0	.	30836892	30836893	56,140,252
chr4	30837233	30837356	GSE30267.AFF4.HCT-116_STARVED	0	.	30837285	30837286	56,140,252
chr4	74445080	74445621	GSE30267.AFF4.HCT-116_STARVED	0	.	74445241	74445242	56,140,252
chr4	186723226	186723383	GSE30267.AFF4.HCT-116_STARVED	0	.	186723309	186723310	56,140,252
chr4	186723506	186724134	GSE30267.AFF4.HCT-116_STARVED	0	.	186723945	186723946	56,140,252
chr4	186724189	186725305	GSE30267.AFF4.HCT-116_STARVED	0	.	186724272	186724273	56,140,252
chr5	143219831	143219964	GSE30267.AFF4.HCT-116_STARVED	0	.	143219897	143219898	56,140,252
chr6	26103836	26104296	GSE30267.AFF4.HCT-116_STARVED	0	.	26104033	26104034	56,140,252
chr6	26156286	26156748	GSE30267.AFF4.HCT-116_STARVED	0	.	26156393	26156394	56,140,252
chr6	26157072	26157481	GSE30267.AFF4.HCT-116_STARVED	0	.	26157240	26157241	56,140,252
chr6	27893017	27893231	GSE30267.AFF4.HCT-116_STARVED	0	.	27893113	27893114	56,140,252
chr6	33789133	33789292	GSE30267.AFF4.HCT-116_STARVED	0	.	33789205	33789206	56,140,252
chr7	5420866	5421271	GSE30267.AFF4.HCT-116_STARVED	0	.	5421100	5421101	56,140,252
chr7	15902637	15902760	GSE30267.AFF4.HCT-116_STARVED	0	.	15902701	15902702	56,140,252
chr7	116524783	116524936	GSE30267.AFF4.HCT-116_STARVED	0	.	116524860	116524861	56,140,252
chr7	121329050	121329738	GSE30267.AFF4.HCT-116_STARVED	0	.	121329557	121329558	56,140,252
chr7	130887912	130888072	GSE30267.AFF4.HCT-116_STARVED	0	.	130887979	130887980	56,140,252
chr7	130894150	130894366	GSE30267.AFF4.HCT-116_STARVED	0	.	130894255	130894256	56,140,252
chr7	130894727	130894939	GSE30267.AFF4.HCT-116_STARVED	0	.	130894849	130894850	56,140,252
chr7	130996789	130996932	GSE30267.AFF4.HCT-116_STARVED	0	.	130996859	130996860	56,140,252
chr8	6160479	6160602	GSE30267.AFF4.HCT-116_STARVED	0	.	6160560	6160561	56,140,252
chr8	22938551	22938774	GSE30267.AFF4.HCT-116_STARVED	0	.	22938631	22938632	56,140,252
chr8	29350406	29350678	GSE30267.AFF4.HCT-116_STARVED	0	.	29350573	29350574	56,140,252
chr8	93916291	93916666	GSE30267.AFF4.HCT-116_STARVED	0	.	93916508	93916509	56,140,252
chr8	93917344	93917692	GSE30267.AFF4.HCT-116_STARVED	0	.	93917447	93917448	56,140,252
chr8	93918366	93918599	GSE30267.AFF4.HCT-116_STARVED	0	.	93918509	93918510	56,140,252
chr8	125430230	125431717	GSE30267.AFF4.HCT-116_STARVED	0	.	125430433	125430434	56,140,252
chr8	127736036	127736598	GSE30267.AFF4.HCT-116_STARVED	0	.	127736331	127736332	56,140,252
chr8	127736726	127737691	GSE30267.AFF4.HCT-116_STARVED	0	.	127737403	127737404	56,140,252
chr8	127737751	127738125	GSE30267.AFF4.HCT-116_STARVED	0	.	127737845	127737846	56,140,252
chr9	21558901	21560353	GSE30267.AFF4.HCT-116_STARVED	0	.	21559276	21559277	56,140,252
chr9	21591748	21591917	GSE30267.AFF4.HCT-116_STARVED	0	.	21591842	21591843	56,140,252
chr9	115058863	115058986	GSE30267.AFF4.HCT-116_STARVED	0	.	115058952	115058953	56,140,252
chr9	129176282	129176499	GSE30267.AFF4.HCT-116_STARVED	0	.	129176360	129176361	56,140,252
chr9	129176775	129177349	GSE30267.AFF4.HCT-116_STARVED	0	.	129177161	129177162	56,140,252
chrM	15100	15618	GSE30267.AFF4.HCT-116_STARVED	0	.	15534	15535	56,140,252
chrM	16040	16544	GSE30267.AFF4.HCT-116_STARVED	0	.	16211	16212	56,140,252
chrX	23785023	23785146	GSE30267.AFF4.HCT-116_STARVED	0	.	23785101	23785102	56,140,252
chrX	78103823	78103974	GSE30267.AFF4.HCT-116_STARVED	0	.	78103918	78103919	56,140,252
